v 0.290729 0.652454 0.142409 0.030190
v 0.348956 0.390912 0.118601 0.029482
v 0.329244 0.626039 0.320112 0.029141
v 0.190217 0.298988 0.415427 0.024413
v 0.103052 0.325451 0.034715 0.026332
v 0.284248 0.352575 0.056668 0.030822
v 0.209531 0.710093 0.119776 0.029399
v 0.197859 0.331823 0.025046 0.025361
v 0.113747 0.752498 0.137424 0.024851
v 0.339172 0.456133 0.175732 0.050937
v 0.338745 0.452753 0.267229 0.045481
v 0.467666 0.107266 0.169280 0.028446
v 0.277426 0.343371 0.402246 0.030196
v 0.071441 0.507372 0.213756 0.026710
v 0.269962 0.516277 0.085685 0.026099
v 0.337928 0.542067 0.243559 0.055949
v 0.259914 0.524523 0.409930 0.029693
v 0.338003 0.556738 0.160465 0.041141
v 0.338234 0.644438 0.211188 0.046704
v 0.409420 0.159736 0.255284 0.052727
v 0.110704 0.504533 0.361417 0.029559
v 0.092465 0.510316 0.120082 0.026596
v 0.385151 0.207421 0.197458 0.080671
v 0.533129 0.077475 0.144671 0.029413
v 0.191867 0.731111 0.407307 0.026580
v 0.173622 0.516967 0.432247 0.025459
v 0.387095 0.790139 0.218103 0.070622
v 0.594306 0.056351 0.345581 0.030682
v 0.107264 0.294877 0.361476 0.029578
v 0.435307 0.901376 0.218129 0.071131
v 0.385134 0.226398 0.254055 0.075753
v 0.046522 0.723555 0.201972 0.029911
v 0.338410 0.354351 0.218616 0.047695
v 0.333417 0.393226 0.344169 0.029963
v 0.412008 0.848870 0.220173 0.075520
v 0.273014 0.683111 0.386152 0.029801
v 0.523128 0.114159 0.295570 0.029535
v 0.170922 0.515101 0.080502 0.030727
v 0.110450 0.718589 0.365370 0.029134
v 0.600713 0.038502 0.098631 0.030506
v 0.325131 0.520880 0.346324 0.028601
