v 0.102584 0.718132 0.361050 0.058170
v 0.287589 0.672124 0.378575 0.057931
v 0.118348 0.514003 0.097002 0.054332
v 0.385611 0.181044 0.179134 0.101800
v 0.112979 0.749344 0.142620 0.052927
v 0.193777 0.303779 0.413697 0.053610
v 0.344691 0.417687 0.151226 0.067515
v 0.336053 0.601815 0.289440 0.062035
v 0.338222 0.481272 0.198576 0.089111
v 0.338051 0.360882 0.220699 0.078399
v 0.462893 0.130388 0.275439 0.060352
v 0.507220 0.121384 0.287473 0.057900
v 0.263821 0.691694 0.388973 0.059698
v 0.496753 0.090732 0.161906 0.057473
v 0.563270 0.061982 0.127361 0.057752
v 0.120247 0.750652 0.134557 0.054849
v 0.068566 0.735475 0.179386 0.059557
v 0.092088 0.510003 0.124178 0.056816
v 0.104356 0.719633 0.360800 0.057822
v 0.107735 0.512612 0.105816 0.053991
v 0.337910 0.425596 0.218558 0.087246
v 0.149268 0.517287 0.414492 0.055802
v 0.190211 0.517250 0.432461 0.056321
v 0.221811 0.312768 0.415604 0.056334
v 0.287728 0.654766 0.140283 0.060004
v 0.289705 0.513714 0.106277 0.059550
v 0.321274 0.375016 0.375119 0.054395
v 0.344790 0.691832 0.215988 0.065187
v 0.335903 0.500969 0.281939 0.071282
v 0.348092 0.308154 0.202991 0.067385
v 0.338849 0.369197 0.205156 0.079105
v 0.431871 0.816395 0.218165 0.097614
v 0.386857 0.181529 0.256687 0.103284
v 0.387276 0.180500 0.255120 0.103283
v 0.482059 0.126105 0.280860 0.058596
v 0.592806 0.057762 0.344138 0.060374
v 0.258000 0.678943 0.121941 0.055190
v 0.290729 0.652454 0.142409 0.060190
v 0.345212 0.690691 0.223353 0.065250
v 0.384728 0.184020 0.270757 0.097072
v 0.497835 0.090094 0.163551 0.057878
v 0.338997 0.568247 0.162022 0.070444
v 0.338203 0.398475 0.183286 0.079264
v 0.352142 0.299477 0.202367 0.068126
v 0.388111 0.170462 0.202536 0.100254
v 0.585612 0.064804 0.337771 0.060362
v 0.318741 0.368841 0.078335 0.058054
v 0.351865 0.300304 0.240859 0.063129
v 0.227262 0.515182 0.075625 0.056044
v 0.584018 0.066583 0.335849 0.060293
v 0.440485 0.141401 0.268854 0.064218
v 0.191554 0.733072 0.409727 0.056363
v 0.386255 0.178388 0.182744 0.101598
v 0.434453 0.148998 0.265680 0.064378
v 0.384519 0.243118 0.188355 0.098982
v 0.506993 0.085645 0.159289 0.058744
v 0.258225 0.333330 0.407140 0.060656
v 0.335563 0.398629 0.331196 0.060147
v 0.167343 0.515497 0.428091 0.056090
v 0.405265 0.163820 0.259336 0.085912
v 0.165320 0.514814 0.425378 0.055817
v 0.291603 0.359417 0.060914 0.059475
v 0.348956 0.390912 0.118601 0.059482
v 0.351741 0.783492 0.217184 0.084925
v 0.345368 0.414565 0.149367 0.067247
v 0.090918 0.509957 0.145684 0.057695
v 0.160515 0.515913 0.081542 0.060417
v 0.316650 0.373180 0.374805 0.052474
v 0.312566 0.370914 0.377642 0.051803
v 0.104146 0.511700 0.101837 0.055362
v 0.277722 0.681080 0.380365 0.057863
v 0.278763 0.344026 0.402718 0.060075
v 0.073542 0.507197 0.201583 0.058219
v 0.574040 0.054948 0.118745 0.059012
v 0.210355 0.308290 0.411251 0.051822
v 0.329244 0.626039 0.320112 0.059141
v 0.386784 0.173066 0.233820 0.101950
v 0.385821 0.237442 0.272974 0.092663
v 0.384987 0.186554 0.161916 0.095485
v 0.164076 0.514895 0.081575 0.061129
v 0.441454 0.141275 0.268872 0.063810
v 0.397501 0.747998 0.218680 0.080268
v 0.178247 0.516824 0.079569 0.060232
v 0.159323 0.517621 0.424468 0.055527
v 0.345985 0.386188 0.107171 0.057189
v 0.505179 0.120626 0.286705 0.058674
v 0.181117 0.298856 0.411763 0.055525
v 0.555092 0.093503 0.313618 0.058234
v 0.285655 0.512587 0.101514 0.058400
v 0.481652 0.097335 0.169796 0.057840
v 0.268058 0.523458 0.406038 0.059692
v 0.409849 0.765354 0.217556 0.086389
v 0.300806 0.358645 0.396992 0.057814
v 0.367252 0.287437 0.183890 0.062534
v 0.346827 0.695395 0.225650 0.063327
v 0.506948 0.086726 0.159883 0.058776
v 0.306767 0.507448 0.125099 0.059872
v 0.036303 0.718115 0.211193 0.058323
v 0.341672 0.378020 0.159911 0.063229
v 0.115990 0.326242 0.033202 0.059086
v 0.386762 0.177542 0.188659 0.103014
v 0.335546 0.480427 0.157050 0.070721
v 0.602215 0.047167 0.353005 0.059981
v 0.386018 0.179020 0.182260 0.101827
v 0.220886 0.720139 0.406597 0.058142
v 0.086733 0.714606 0.351017 0.055770
v 0.261174 0.335039 0.406802 0.060892
v 0.236553 0.334784 0.029734 0.054788
v 0.060655 0.731348 0.187986 0.059944
v 0.339088 0.561744 0.261960 0.077365
v 0.321190 0.376891 0.372206 0.054151
v 0.108155 0.325400 0.033385 0.057500
v 0.387317 0.170778 0.207424 0.100795
v 0.617105 0.025209 0.085788 0.055967
v 0.335895 0.470568 0.270327 0.074069
v 0.384518 0.192747 0.283326 0.092625
v 0.331165 0.373990 0.087672 0.055960
v 0.468372 0.918568 0.218220 0.085567
v 0.203939 0.330170 0.026220 0.056237
v 0.329021 0.519816 0.319592 0.060078
v 0.285033 0.673954 0.381325 0.058665
v 0.384139 0.200229 0.289465 0.089073
v 0.414446 0.774441 0.217151 0.089367
v 0.398825 0.900980 0.218460 0.093925
v 0.159939 0.734070 0.126247 0.059604
v 0.384367 0.222527 0.154021 0.093161
v 0.468299 0.926601 0.218396 0.083821
v 0.302626 0.525592 0.389621 0.054972
v 0.211614 0.708416 0.118698 0.059340
v 0.087668 0.716171 0.350500 0.055421
v 0.440690 0.950535 0.218503 0.079372
v 0.179758 0.733188 0.405551 0.057605
v 0.132028 0.327683 0.031203 0.060024
v 0.430536 0.945846 0.218682 0.081616
v 0.274084 0.683126 0.384681 0.059651
v 0.151033 0.301748 0.390035 0.058350
v 0.592391 0.043680 0.105874 0.060786
v 0.260129 0.524487 0.409738 0.059680
v 0.386941 0.170601 0.207815 0.100861
v 0.337761 0.567980 0.275690 0.067464
v 0.444053 0.835359 0.218454 0.095943
v 0.192782 0.334630 0.025074 0.054344
v 0.107096 0.512258 0.096361 0.055006
v 0.337015 0.425743 0.292249 0.061903
v 0.157989 0.736465 0.125721 0.059554
v 0.051775 0.727136 0.196919 0.060001
v 0.289797 0.351991 0.064882 0.057064
v 0.385196 0.243516 0.261497 0.094370
v 0.421922 0.781875 0.217448 0.088685
v 0.197233 0.715561 0.120986 0.060481
v 0.401443 0.753919 0.218225 0.083038
v 0.257582 0.696889 0.391578 0.059784
v 0.561464 0.063746 0.128545 0.057475
v 0.385125 0.239777 0.172779 0.094430
v 0.316265 0.366982 0.392161 0.053931
v 0.405059 0.155563 0.194176 0.082194
v 0.385049 0.240508 0.242057 0.102406
v 0.368081 0.835045 0.218360 0.094375
v 0.112067 0.504476 0.363374 0.059701
v 0.331196 0.492578 0.155226 0.071608
v 0.338200 0.573955 0.276007 0.067198
v 0.137984 0.725263 0.381278 0.060501
v 0.338885 0.464630 0.158155 0.069814
v 0.102514 0.501543 0.350915 0.059084
v 0.339813 0.656526 0.250763 0.064639
v 0.316213 0.367648 0.077642 0.058159
v 0.334712 0.397590 0.332500 0.060508
v 0.328904 0.517935 0.323043 0.060278
v 0.286073 0.656313 0.139560 0.059657
v 0.254058 0.515192 0.077635 0.055269
v 0.120776 0.505571 0.376688 0.059699
v 0.338984 0.360665 0.262505 0.064001
v 0.335742 0.401789 0.322083 0.060850
v 0.241874 0.705215 0.400645 0.058858
v 0.152829 0.330572 0.029630 0.059369
v 0.117053 0.326291 0.032320 0.059175
v 0.323920 0.637186 0.338517 0.057335
v 0.299428 0.526402 0.380956 0.050727
v 0.384300 0.194987 0.284923 0.091871
v 0.226965 0.715919 0.404937 0.058098
v 0.340281 0.644583 0.261742 0.062847
v 0.520127 0.115827 0.294753 0.059113
v 0.384818 0.182700 0.269749 0.097059
v 0.342647 0.382693 0.097985 0.056877
v 0.350293 0.768897 0.216902 0.081444
v 0.109168 0.504062 0.359984 0.059546
v 0.085848 0.294571 0.346560 0.054553
v 0.378626 0.858598 0.218562 0.096345
v 0.288810 0.653576 0.139860 0.059847
v 0.385175 0.181979 0.174377 0.100281
v 0.141807 0.330436 0.030972 0.059120
v 0.332706 0.387747 0.358349 0.057229
v 0.137742 0.331150 0.031914 0.058525
v 0.376443 0.853426 0.218435 0.096149
v 0.439359 0.141991 0.268745 0.064432
v 0.339678 0.461293 0.173534 0.079729
v 0.264228 0.689321 0.392245 0.058068
v 0.171208 0.510785 0.080877 0.058613
v 0.387432 0.177735 0.245505 0.104276
v 0.385137 0.206154 0.153357 0.095346
v 0.338336 0.658009 0.191411 0.068601
v 0.338879 0.357225 0.256640 0.067056
v 0.052944 0.727528 0.196311 0.060112
v 0.338415 0.641115 0.266248 0.061749
v 0.069292 0.506269 0.231684 0.049668
v 0.484638 0.127775 0.278183 0.058225
v 0.359226 0.286156 0.234653 0.070996
v 0.358562 0.798265 0.218785 0.091434
v 0.496589 0.122224 0.284968 0.058478
v 0.496910 0.124631 0.282671 0.057862
v 0.385289 0.238170 0.221492 0.106049
v 0.336672 0.383559 0.294394 0.053131
v 0.108298 0.753814 0.139733 0.054817
v 0.412991 0.920399 0.218533 0.091383
v 0.336735 0.535771 0.285112 0.066823
v 0.338967 0.437038 0.269593 0.074122
v 0.459166 0.130683 0.274754 0.060289
v 0.117262 0.325681 0.032955 0.059333
v 0.366538 0.720072 0.219088 0.065781
v 0.339292 0.669966 0.237608 0.065736
v 0.285822 0.512579 0.101700 0.058415
v 0.228481 0.698099 0.118270 0.055816
v 0.311407 0.366673 0.072532 0.058704
v 0.623791 0.020561 0.078926 0.051010
v 0.096721 0.293810 0.355539 0.057312
v 0.190217 0.298988 0.415427 0.054413
v 0.262573 0.335811 0.406487 0.060881
v 0.159784 0.734688 0.125592 0.059840
v 0.206827 0.710545 0.119352 0.059988
v 0.371246 0.265811 0.244010 0.080579
v 0.076345 0.507435 0.189900 0.059222
v 0.036614 0.716876 0.210725 0.057912
v 0.526007 0.109726 0.296426 0.059325
v 0.364937 0.744414 0.217442 0.080248
v 0.385685 0.229950 0.277249 0.093914
v 0.328741 0.536026 0.153194 0.068108
v 0.576983 0.072558 0.329793 0.058876
v 0.349891 0.401435 0.137429 0.063859
v 0.114829 0.512998 0.089937 0.054753
v 0.304698 0.649138 0.153788 0.059508
v 0.269219 0.670733 0.127099 0.057210
v 0.069793 0.293343 0.339055 0.046194
v 0.452870 0.856123 0.218983 0.094399
v 0.199418 0.516508 0.078316 0.059672
v 0.164104 0.731843 0.124210 0.059677
v 0.081972 0.497050 0.328860 0.049443
v 0.173048 0.727785 0.123991 0.060981
v 0.129873 0.725385 0.375563 0.060207
v 0.573136 0.076558 0.326465 0.058400
v 0.422801 0.142323 0.186635 0.068608
v 0.332882 0.395832 0.339302 0.059554
v 0.157214 0.513953 0.082513 0.061178
v 0.362196 0.813303 0.217970 0.093301
v 0.348774 0.703263 0.221611 0.064863
v 0.339418 0.333037 0.193308 0.068618
v 0.103052 0.325451 0.034715 0.056332
v 0.284248 0.352575 0.056668 0.060822
v 0.456889 0.138603 0.272064 0.057731
v 0.337785 0.458672 0.266053 0.076617
v 0.120303 0.721799 0.371223 0.060123
v 0.434770 0.130448 0.184142 0.060544
v 0.480421 0.126173 0.280958 0.058605
v 0.267509 0.515846 0.084943 0.056265
v 0.073915 0.739355 0.174425 0.059322
v 0.336818 0.352456 0.180813 0.067662
v 0.431957 0.812710 0.218048 0.096452
v 0.529233 0.078932 0.147893 0.059885
v 0.313935 0.634036 0.159550 0.064905
v 0.236862 0.517551 0.074132 0.054784
v 0.474201 0.102253 0.169433 0.058516
v 0.275135 0.680898 0.385738 0.059330
v 0.338777 0.375261 0.168416 0.067430
v 0.073291 0.738553 0.175444 0.059466
v 0.122305 0.722397 0.371066 0.060543
v 0.278790 0.515288 0.093784 0.057981
v 0.335229 0.499077 0.167036 0.079568
v 0.284949 0.348515 0.402216 0.059083
v 0.311876 0.524096 0.373414 0.054343
v 0.387051 0.179566 0.251338 0.103970
v 0.285565 0.357216 0.056353 0.058963
v 0.465962 0.129020 0.275553 0.060231
v 0.255322 0.522141 0.410925 0.060752
v 0.131492 0.328228 0.031226 0.060023
v 0.339736 0.455445 0.158412 0.069812
v 0.323994 0.500701 0.147983 0.068197
v 0.122323 0.297803 0.370759 0.059976
v 0.564531 0.086864 0.320426 0.057291
v 0.260236 0.675927 0.124563 0.055325
v 0.331061 0.519841 0.330925 0.057810
v 0.315148 0.501918 0.134345 0.060622
v 0.285200 0.657180 0.137890 0.059610
v 0.280487 0.516401 0.096226 0.058131
v 0.324320 0.637906 0.172063 0.069012
v 0.285975 0.673345 0.380734 0.058668
v 0.209531 0.710093 0.119776 0.059399
v 0.085395 0.715134 0.349452 0.055227
v 0.197859 0.331823 0.025046 0.055361
v 0.300207 0.517892 0.117230 0.058872
v 0.195694 0.717382 0.120888 0.060454
v 0.466198 0.932706 0.217940 0.083488
v 0.243685 0.687291 0.120269 0.053287
v 0.357084 0.791418 0.218219 0.090208
v 0.334302 0.627446 0.295526 0.059040
v 0.164527 0.516482 0.427156 0.056129
v 0.410680 0.151363 0.190562 0.077619
v 0.484504 0.096900 0.166637 0.057822
v 0.407868 0.916103 0.218660 0.091355
v 0.088716 0.508526 0.153631 0.058151
v 0.384367 0.243927 0.190199 0.098935
v 0.293158 0.352937 0.397825 0.058974
v 0.584463 0.066441 0.336558 0.060430
v 0.384261 0.224515 0.157408 0.094921
v 0.312021 0.523723 0.369356 0.053246
v 0.356471 0.293997 0.196726 0.067951
v 0.334194 0.538173 0.160518 0.073965
v 0.245526 0.684954 0.120515 0.052985
v 0.381832 0.861799 0.218358 0.097438
v 0.353692 0.775875 0.217292 0.085756
v 0.552419 0.094393 0.311721 0.058278
v 0.384785 0.184360 0.169535 0.099129
v 0.350363 0.763253 0.216660 0.080011
v 0.598253 0.039250 0.101612 0.060981
v 0.331590 0.398387 0.332720 0.058890
v 0.057096 0.729727 0.190744 0.059936
v 0.447976 0.936311 0.218278 0.088932
v 0.144239 0.322868 0.031347 0.057754
v 0.324745 0.520850 0.348048 0.058540
v 0.248786 0.338194 0.035646 0.056250
v 0.353502 0.718413 0.218215 0.067952
v 0.339113 0.643665 0.245858 0.071755
v 0.338078 0.565443 0.276325 0.066932
v 0.113747 0.752498 0.137424 0.054851
v 0.300698 0.662732 0.368685 0.054867
v 0.335047 0.404087 0.315259 0.061736
v 0.582746 0.051343 0.111821 0.059774
v 0.558847 0.090204 0.315490 0.057917
v 0.141198 0.515121 0.405414 0.056618
v 0.322984 0.639170 0.169792 0.067637
v 0.260713 0.695476 0.388325 0.058785
v 0.132992 0.296495 0.378810 0.060899
v 0.335914 0.600840 0.289108 0.061994
v 0.325980 0.632324 0.331293 0.058007
v 0.296760 0.510270 0.113187 0.059303
v 0.085871 0.508233 0.170412 0.057969
v 0.384416 0.233106 0.162017 0.093378
v 0.225477 0.718305 0.404060 0.058095
v 0.100773 0.511646 0.105651 0.055771
v 0.425549 0.937517 0.218383 0.086325
v 0.338457 0.636061 0.249100 0.072635
v 0.279326 0.662151 0.133581 0.058596
v 0.541267 0.074045 0.140648 0.058563
v 0.242224 0.323560 0.411352 0.059337
v 0.438987 0.129800 0.174801 0.059332
v 0.338159 0.417299 0.298196 0.062173
v 0.385523 0.230821 0.273013 0.096470
v 0.410404 0.160327 0.259702 0.081949
v 0.341924 0.326596 0.242851 0.064427
v 0.384689 0.236704 0.168799 0.095088
v 0.331314 0.650550 0.179252 0.066388
v 0.143513 0.727141 0.385282 0.060603
v 0.264404 0.675439 0.123616 0.056398
v 0.165592 0.731122 0.398838 0.058641
v 0.336569 0.358913 0.179150 0.068593
v 0.103474 0.511840 0.110068 0.054524
v 0.195871 0.730060 0.406743 0.056158
v 0.380854 0.840926 0.218020 0.101056
v 0.337996 0.647041 0.197235 0.074512
v 0.440371 0.832611 0.218568 0.097783
v 0.184543 0.516533 0.425130 0.052799
v 0.382891 0.243191 0.196934 0.100327
v 0.312100 0.654149 0.363280 0.053556
v 0.435704 0.131846 0.178201 0.061277
v 0.321521 0.521817 0.352625 0.057470
v 0.338380 0.431591 0.281005 0.067646
v 0.268716 0.687162 0.387769 0.059949
v 0.384207 0.189481 0.280540 0.093437
v 0.360197 0.290204 0.195667 0.068680
v 0.022673 0.710451 0.227550 0.052571
v 0.338976 0.652138 0.253968 0.064023
v 0.093210 0.294121 0.352277 0.056763
v 0.148275 0.295576 0.388748 0.059919
v 0.234839 0.520312 0.418133 0.060934
v 0.090066 0.295364 0.350636 0.056267
v 0.384825 0.241238 0.245828 0.101098
v 0.146370 0.324651 0.031400 0.058686
v 0.499140 0.123660 0.284022 0.058385
v 0.619801 0.023902 0.083184 0.054554
v 0.159799 0.514790 0.421246 0.056698
v 0.168106 0.733661 0.399344 0.058391
v 0.153812 0.296741 0.392796 0.059803
v 0.339502 0.451623 0.157697 0.069202
v 0.385325 0.238322 0.230586 0.105623
v 0.203119 0.517611 0.077659 0.058832
v 0.339172 0.456133 0.175732 0.080937
v 0.322318 0.640472 0.343499 0.055559
v 0.334419 0.394582 0.339401 0.059570
v 0.246289 0.326451 0.409682 0.059779
v 0.426339 0.795218 0.218158 0.092649
v 0.337923 0.542318 0.176332 0.082223
v 0.072369 0.506658 0.211123 0.057127
v 0.160223 0.300957 0.396876 0.057751
v 0.393198 0.769133 0.218417 0.094516
v 0.614660 0.034012 0.364709 0.054236
v 0.273452 0.514580 0.089802 0.056994
v 0.132511 0.325350 0.032179 0.059555
v 0.337879 0.582072 0.273448 0.069056
v 0.330772 0.626841 0.311033 0.059665
v 0.445314 0.948842 0.218196 0.080878
v 0.047973 0.725016 0.201119 0.059753
v 0.260633 0.514595 0.083317 0.054945
v 0.598403 0.038637 0.101325 0.060926
v 0.567676 0.081891 0.322302 0.058271
v 0.225511 0.717429 0.405922 0.057921
v 0.462375 0.941174 0.217519 0.081731
v 0.352276 0.392335 0.119257 0.059318
v 0.385493 0.232809 0.186268 0.104177
v 0.078140 0.740681 0.169017 0.059146
v 0.081177 0.507936 0.179769 0.059332
v 0.337333 0.484760 0.169772 0.079650
v 0.180296 0.515631 0.079853 0.060535
v 0.333991 0.610660 0.174880 0.076022
v 0.239868 0.333136 0.032476 0.053623
v 0.174317 0.731728 0.401789 0.057808
v 0.143297 0.510741 0.403908 0.058872
v 0.131267 0.509481 0.389711 0.060053
v 0.304187 0.360493 0.073135 0.057000
v 0.087001 0.497197 0.331850 0.052650
v 0.194524 0.732179 0.410669 0.056204
v 0.247316 0.337907 0.033886 0.056117
v 0.375555 0.846367 0.218971 0.097132
v 0.495764 0.122593 0.284485 0.058539
v 0.337348 0.349979 0.186859 0.070636
v 0.160782 0.732467 0.394550 0.058895
v 0.384290 0.185577 0.273258 0.096507
v 0.460682 0.129971 0.274842 0.060180
v 0.555982 0.092647 0.314584 0.058132
v 0.062478 0.728794 0.184015 0.058175
v 0.083346 0.742718 0.164171 0.058645
v 0.165282 0.330698 0.028030 0.058647
v 0.299263 0.644992 0.146845 0.060990
v 0.335196 0.625790 0.287260 0.062101
v 0.440828 0.141811 0.268648 0.063893
v 0.176901 0.516899 0.079615 0.060291
v 0.157589 0.730323 0.393449 0.059803
v 0.330302 0.383676 0.364848 0.056164
v 0.335506 0.610990 0.296391 0.061367
v 0.089445 0.746229 0.158522 0.057694
v 0.258523 0.341449 0.040191 0.057869
v 0.335339 0.489039 0.165699 0.077420
v 0.165492 0.730803 0.123367 0.059633
v 0.139646 0.510541 0.399508 0.059725
v 0.453787 0.884024 0.218554 0.097023
v 0.280220 0.345277 0.401481 0.060146
v 0.452899 0.880738 0.218467 0.097680
v 0.441962 0.933012 0.218466 0.091170
v 0.100620 0.325954 0.034617 0.056023
v 0.091258 0.296138 0.349997 0.055878
v 0.384630 0.224611 0.166161 0.099737
v 0.081626 0.509035 0.157930 0.057557
v 0.577215 0.053182 0.117498 0.059197
v 0.338977 0.556983 0.274172 0.069284
v 0.113777 0.504023 0.366735 0.059520
v 0.231757 0.317527 0.413701 0.058022
v 0.243815 0.521442 0.415023 0.060976
v 0.282295 0.658259 0.133793 0.058232
v 0.587615 0.062259 0.340918 0.059969
v 0.384863 0.221138 0.165589 0.100428
v 0.338745 0.452753 0.267229 0.075481
v 0.176862 0.725907 0.122841 0.061053
v 0.341656 0.681956 0.231419 0.063670
v 0.332665 0.385969 0.363423 0.055540
v 0.620760 0.022199 0.079577 0.052778
v 0.084571 0.509488 0.142778 0.056789
v 0.325436 0.381531 0.362848 0.055165
v 0.239360 0.322089 0.411696 0.059191
v 0.609014 0.035314 0.359673 0.055884
v 0.227699 0.520605 0.421932 0.060269
v 0.339297 0.563361 0.163019 0.072218
v 0.342775 0.383608 0.151443 0.061598
v 0.156530 0.331796 0.028418 0.058318
v 0.351880 0.391531 0.116527 0.058760
v 0.233445 0.319281 0.412703 0.057949
v 0.385600 0.180108 0.180798 0.101991
v 0.106664 0.502459 0.356687 0.059652
v 0.292547 0.650569 0.144098 0.060402
v 0.136986 0.507983 0.396129 0.058247
v 0.386963 0.181367 0.256303 0.103376
v 0.266658 0.689599 0.387166 0.059665
v 0.580639 0.072213 0.331387 0.058841
v 0.057414 0.729084 0.195835 0.058317
v 0.246507 0.520806 0.413654 0.060697
v 0.338600 0.575827 0.167912 0.074109
v 0.152988 0.511500 0.413133 0.057167
v 0.337840 0.478319 0.264542 0.079749
v 0.277635 0.681612 0.380369 0.057776
v 0.351628 0.737583 0.217375 0.070619
v 0.096979 0.498556 0.344053 0.057129
v 0.583738 0.067110 0.335631 0.060294
v 0.416796 0.154499 0.260580 0.076815
v 0.331892 0.622816 0.311295 0.060028
v 0.283185 0.523777 0.401045 0.057193
v 0.339727 0.337671 0.244063 0.067523
v 0.337277 0.534478 0.175180 0.082138
v 0.512111 0.118596 0.290855 0.058875
v 0.385110 0.176084 0.230465 0.104392
v 0.089693 0.748220 0.156363 0.056962
v 0.112453 0.296762 0.364512 0.059493
v 0.375065 0.825421 0.218123 0.099791
v 0.385243 0.237398 0.201219 0.105254
v 0.337322 0.498167 0.271248 0.077290
v 0.372284 0.818230 0.218118 0.098816
v 0.146509 0.740097 0.129149 0.057319
v 0.338076 0.546509 0.178959 0.082470
v 0.347375 0.397967 0.142344 0.065177
v 0.385184 0.208230 0.159010 0.098808
v 0.338347 0.597314 0.257015 0.076744
v 0.265538 0.690997 0.387904 0.059753
v 0.136251 0.511774 0.395999 0.058970
v 0.596514 0.053816 0.347226 0.060632
v 0.216503 0.722952 0.407637 0.057670
v 0.114765 0.513334 0.099516 0.054710
v 0.584923 0.065389 0.337094 0.060340
v 0.101150 0.512109 0.102175 0.054839
v 0.337378 0.546415 0.272611 0.072190
v 0.279040 0.525163 0.401849 0.058242
v 0.173239 0.728411 0.124447 0.060860
v 0.316535 0.524003 0.378542 0.053513
v 0.242069 0.522080 0.415802 0.060710
v 0.315581 0.368483 0.381916 0.054875
v 0.172483 0.327049 0.029638 0.058650
v 0.329246 0.524874 0.155952 0.073094
v 0.405650 0.892447 0.218522 0.100181
v 0.201180 0.519866 0.431259 0.057151
v 0.474040 0.126973 0.278346 0.058901
v 0.287487 0.516475 0.104008 0.058625
v 0.342558 0.402234 0.165780 0.073666
v 0.521171 0.112501 0.293412 0.058924
v 0.542962 0.101845 0.308766 0.058272
v 0.347526 0.699335 0.219356 0.065893
v 0.386081 0.769976 0.218264 0.095521
v 0.366097 0.753155 0.217515 0.084978
v 0.465499 0.129489 0.275717 0.060263
v 0.393520 0.888960 0.218234 0.095990
v 0.043973 0.721253 0.203186 0.058852
v 0.587554 0.062888 0.339261 0.060418
v 0.143390 0.299472 0.385114 0.060221
v 0.613079 0.033450 0.363485 0.055059
v 0.153896 0.513669 0.082726 0.061088
v 0.339555 0.389412 0.177034 0.076146
v 0.266830 0.689286 0.387046 0.059699
v 0.329584 0.627791 0.319118 0.059554
v 0.342631 0.325145 0.193202 0.065601
v 0.067193 0.504836 0.234597 0.047955
v 0.087252 0.508482 0.156258 0.058775
v 0.337757 0.492778 0.178417 0.084180
v 0.384687 0.192447 0.158961 0.096361
v 0.116060 0.748352 0.141378 0.052415
v 0.328073 0.375912 0.379358 0.053058
v 0.124199 0.746893 0.135762 0.053742
v 0.462753 0.110066 0.171613 0.058986
v 0.289267 0.652872 0.139824 0.059821
v 0.432189 0.805556 0.218323 0.093241
v 0.215319 0.517560 0.075346 0.057460
v 0.191049 0.517634 0.433278 0.056433
v 0.311060 0.524812 0.385828 0.053034
v 0.339832 0.330837 0.202598 0.070960
v 0.154649 0.515583 0.419680 0.056806
v 0.385110 0.203070 0.161155 0.099713
v 0.337363 0.402103 0.300042 0.061473
v 0.279928 0.661002 0.136809 0.057938
v 0.352629 0.299685 0.231007 0.068007
v 0.338266 0.437996 0.184095 0.083411
v 0.338021 0.585134 0.256290 0.078448
v 0.322272 0.522351 0.358183 0.056858
v 0.333658 0.622918 0.179863 0.076534
v 0.605350 0.042991 0.358125 0.058260
v 0.461475 0.947537 0.217287 0.078207
v 0.094264 0.510273 0.128442 0.057128
v 0.524161 0.080739 0.149774 0.059954
v 0.363895 0.830441 0.218109 0.091914
v 0.151790 0.324299 0.030912 0.058115
v 0.133726 0.748404 0.128653 0.056206
v 0.071186 0.506403 0.213793 0.056593
v 0.350962 0.707691 0.217703 0.066438
v 0.285708 0.526563 0.397658 0.056592
v 0.336704 0.595902 0.283132 0.064106
v 0.338059 0.344853 0.234700 0.073710
v 0.324858 0.635182 0.330618 0.057413
v 0.204605 0.305525 0.416577 0.055097
v 0.542928 0.072993 0.138938 0.058292
v 0.384657 0.188358 0.171880 0.102097
v 0.358049 0.287178 0.228430 0.072492
v 0.324325 0.628660 0.169208 0.070233
v 0.085611 0.745939 0.160541 0.058105
v 0.079938 0.508602 0.172409 0.058280
v 0.240885 0.521691 0.416215 0.061245
v 0.335624 0.409467 0.299312 0.063864
v 0.385611 0.243122 0.256576 0.096492
v 0.379740 0.746175 0.218018 0.082306
v 0.276069 0.663908 0.131633 0.058497
v 0.384724 0.179938 0.207345 0.106405
v 0.132385 0.513956 0.090346 0.056421
v 0.465418 0.108215 0.170201 0.058731
v 0.248419 0.701326 0.397026 0.059716
v 0.335752 0.494817 0.169899 0.080763
v 0.141043 0.728706 0.382774 0.060158
v 0.386547 0.181744 0.258188 0.102831
v 0.242619 0.517577 0.074953 0.054381
v 0.409471 0.782833 0.218166 0.096182
v 0.124005 0.722452 0.373063 0.060127
v 0.084057 0.745128 0.162851 0.058396
v 0.337804 0.590870 0.247101 0.080423
v 0.407570 0.794542 0.218509 0.100944
v 0.474180 0.102335 0.171736 0.058397
v 0.235397 0.711276 0.401059 0.059006
v 0.172261 0.301982 0.405320 0.055533
v 0.335807 0.403350 0.318567 0.061201
v 0.295599 0.666049 0.375964 0.056987
v 0.165714 0.513501 0.080916 0.060620
v 0.384357 0.212620 0.269822 0.102641
v 0.392304 0.849699 0.219249 0.103575
v 0.219313 0.519137 0.424055 0.059304
v 0.339097 0.667901 0.240005 0.065753
v 0.370960 0.265856 0.216691 0.086167
v 0.156227 0.325436 0.030171 0.058596
v 0.385087 0.176203 0.230527 0.104502
v 0.163644 0.732731 0.397053 0.058970
v 0.491058 0.092761 0.166202 0.058024
v 0.288775 0.524191 0.398426 0.056144
v 0.276537 0.516166 0.092768 0.057909
v 0.451958 0.132714 0.272016 0.060858
v 0.364739 0.781123 0.217993 0.093907
v 0.088780 0.509898 0.134677 0.057543
v 0.454459 0.865394 0.218596 0.095004
v 0.332689 0.392094 0.345677 0.059764
v 0.088064 0.713606 0.351878 0.055541
v 0.570742 0.079849 0.324552 0.058511
v 0.337350 0.492717 0.263885 0.080555
v 0.611284 0.029994 0.088418 0.058098
v 0.325731 0.519691 0.338495 0.059176
v 0.122815 0.506907 0.378327 0.060027
v 0.255063 0.514784 0.078206 0.055407
v 0.385353 0.232621 0.259059 0.101874
v 0.348536 0.387498 0.106286 0.057341
v 0.385144 0.238238 0.208815 0.105820
v 0.386652 0.177406 0.188930 0.103099
v 0.342855 0.383121 0.100011 0.056891
v 0.355306 0.295008 0.213659 0.072307
v 0.288003 0.671003 0.379980 0.058060
v 0.338852 0.371761 0.267391 0.064333
v 0.179839 0.724981 0.122682 0.061151
v 0.075063 0.507472 0.193109 0.058712
v 0.130970 0.724442 0.378560 0.059792
v 0.337698 0.541001 0.270494 0.074317
v 0.190737 0.719344 0.120151 0.060206
v 0.422670 0.813675 0.218232 0.101668
v 0.385304 0.208578 0.151855 0.094201
v 0.323314 0.520739 0.349582 0.058278
v 0.338604 0.614642 0.249668 0.076814
v 0.133460 0.745960 0.131863 0.055450
v 0.433554 0.948212 0.218996 0.080528
v 0.609671 0.031230 0.092718 0.059188
v 0.337764 0.511243 0.256120 0.083257
v 0.337451 0.545980 0.165802 0.076687
v 0.098414 0.511361 0.122598 0.055380
v 0.421220 0.790786 0.217903 0.093898
v 0.467666 0.107266 0.169280 0.058446
v 0.338197 0.351048 0.255234 0.065619
v 0.290087 0.652987 0.141956 0.060158
v 0.066561 0.733128 0.179520 0.059116
v 0.371866 0.767227 0.218456 0.093167
v 0.183541 0.512644 0.079286 0.058468
v 0.259066 0.676496 0.123916 0.055028
v 0.561748 0.088094 0.317135 0.057850
v 0.336966 0.615572 0.280652 0.066723
v 0.100472 0.295252 0.356460 0.058234
v 0.336644 0.395306 0.313525 0.056707
v 0.337775 0.463018 0.263298 0.078807
v 0.338189 0.509623 0.180321 0.084979
v 0.384826 0.196130 0.168560 0.102365
v 0.339975 0.331599 0.231592 0.070827
v 0.135458 0.725604 0.379510 0.060624
v 0.469607 0.105986 0.170161 0.058934
v 0.366455 0.799296 0.217954 0.096151
v 0.386411 0.181948 0.254169 0.104341
v 0.267188 0.672357 0.125145 0.056883
v 0.453501 0.117468 0.172912 0.058602
v 0.397141 0.773090 0.218276 0.095641
v 0.082106 0.508292 0.184529 0.057483
v 0.130704 0.514018 0.085959 0.057360
v 0.277426 0.343371 0.402246 0.060196
v 0.224728 0.513690 0.076808 0.055634
v 0.380270 0.778222 0.218079 0.097514
v 0.086304 0.509422 0.149001 0.058715
v 0.206030 0.304277 0.418048 0.054986
v 0.384695 0.196461 0.180278 0.106040
v 0.385664 0.225841 0.182495 0.105962
v 0.463926 0.893279 0.218147 0.090728
v 0.249411 0.328323 0.409100 0.060082
v 0.198707 0.304609 0.414969 0.053693
v 0.444989 0.856101 0.218569 0.099342
v 0.298360 0.645565 0.146712 0.060845
v 0.452387 0.847463 0.218227 0.092824
v 0.262342 0.515570 0.081502 0.055848
v 0.297086 0.655002 0.145198 0.056784
v 0.338639 0.372173 0.242278 0.077792
v 0.338134 0.664300 0.197457 0.067960
v 0.303873 0.660320 0.368223 0.055150
v 0.338353 0.407234 0.247986 0.080767
v 0.338648 0.672858 0.199566 0.064479
v 0.335627 0.607135 0.284059 0.065826
v 0.081415 0.741589 0.166433 0.058764
v 0.338663 0.580573 0.190627 0.082985
v 0.162812 0.515052 0.420984 0.055620
v 0.217868 0.515881 0.076155 0.057604
v 0.385983 0.179999 0.242666 0.105833
v 0.385642 0.228171 0.202059 0.108728
v 0.335911 0.402026 0.319883 0.060756
v 0.441693 0.919134 0.218046 0.096661
v 0.348025 0.315322 0.193957 0.062997
v 0.324465 0.634797 0.334591 0.057895
v 0.173673 0.513738 0.423276 0.053369
v 0.338595 0.337288 0.202071 0.072325
v 0.488804 0.124614 0.281391 0.058483
v 0.367556 0.271079 0.235218 0.079775
v 0.453871 0.892717 0.218459 0.096951
v 0.132860 0.509879 0.391306 0.059808
v 0.415218 0.805237 0.218758 0.101914
v 0.368997 0.841414 0.218046 0.093670
v 0.103739 0.296164 0.359521 0.058447
v 0.319388 0.640633 0.341448 0.055630
v 0.569537 0.058100 0.123232 0.058381
v 0.047418 0.723937 0.200199 0.059954
v 0.475240 0.101605 0.168946 0.058400
v 0.338756 0.417342 0.178044 0.079707
v 0.272414 0.524431 0.404675 0.059402
v 0.337868 0.629200 0.273813 0.064695
v 0.338834 0.379889 0.249092 0.076449
v 0.051030 0.724331 0.195636 0.058745
v 0.339202 0.631473 0.251012 0.072963
v 0.146240 0.513947 0.409122 0.057947
v 0.103448 0.502550 0.352825 0.059124
v 0.082632 0.742815 0.165170 0.058859
v 0.102361 0.750593 0.146935 0.055991
v 0.071441 0.507372 0.213756 0.056710
v 0.334453 0.515625 0.295999 0.066669
v 0.338434 0.342830 0.211644 0.074958
v 0.476814 0.100261 0.170842 0.058232
v 0.269962 0.516277 0.085685 0.056099
v 0.304143 0.660953 0.372440 0.054515
v 0.089829 0.325979 0.035805 0.052883
v 0.285793 0.655008 0.137080 0.059037
v 0.384487 0.194127 0.262205 0.104586
v 0.101618 0.501107 0.349565 0.058910
v 0.312442 0.645124 0.159279 0.061882
v 0.453703 0.117315 0.178290 0.057349
v 0.264452 0.345568 0.043134 0.059333
v 0.338092 0.553663 0.256035 0.080580
v 0.337493 0.507035 0.259288 0.082155
v 0.246337 0.689233 0.116545 0.054172
v 0.437162 0.847273 0.218773 0.102303
v 0.338364 0.371008 0.241123 0.077910
v 0.214860 0.706211 0.119005 0.058688
v 0.556600 0.066476 0.133490 0.056954
v 0.384497 0.192302 0.224044 0.110450
v 0.444112 0.906415 0.217733 0.098918
v 0.340120 0.383899 0.269579 0.067077
v 0.358021 0.725473 0.219468 0.070814
v 0.113115 0.720746 0.365847 0.059317
v 0.210242 0.725778 0.407955 0.056860
v 0.286120 0.673341 0.379133 0.058189
v 0.384517 0.192630 0.184074 0.106304
v 0.337717 0.568829 0.186033 0.083292
v 0.330828 0.518049 0.323173 0.059727
v 0.274630 0.515739 0.091335 0.057545
v 0.148685 0.517206 0.413840 0.055854
v 0.337975 0.345595 0.188785 0.070207
v 0.200934 0.517575 0.427950 0.056749
v 0.537278 0.075601 0.143726 0.059167
v 0.292932 0.359480 0.061815 0.059612
v 0.095641 0.716191 0.357094 0.057618
v 0.255006 0.696437 0.394884 0.059444
v 0.210719 0.521066 0.429841 0.057795
v 0.338615 0.536746 0.184460 0.085045
v 0.337928 0.542067 0.243559 0.085949
v 0.247630 0.515503 0.076515 0.055412
v 0.145819 0.743284 0.126709 0.057777
v 0.105221 0.502314 0.354936 0.059407
v 0.535701 0.076057 0.144202 0.059428
v 0.517884 0.083363 0.154503 0.059862
v 0.271920 0.667828 0.130431 0.057491
v 0.415532 0.927370 0.218003 0.088477
v 0.118846 0.722199 0.368553 0.059829
v 0.336627 0.649234 0.189040 0.071969
v 0.606900 0.032842 0.094474 0.059932
v 0.188560 0.329132 0.026686 0.057924
v 0.349268 0.392539 0.131208 0.060926
v 0.338918 0.366036 0.251122 0.072900
v 0.402488 0.902315 0.218515 0.095277
v 0.393186 0.873952 0.218341 0.100654
v 0.295456 0.666391 0.375295 0.057081
v 0.214680 0.520198 0.428038 0.059000
v 0.320630 0.371635 0.077482 0.057263
v 0.439920 0.850176 0.218558 0.101513
v 0.438835 0.823346 0.218522 0.095557
v 0.196425 0.517032 0.077994 0.059897
v 0.347230 0.310244 0.234606 0.065950
v 0.339174 0.371876 0.254468 0.072625
v 0.319973 0.369065 0.079858 0.057682
v 0.338112 0.564596 0.170674 0.077152
v 0.459625 0.874770 0.218808 0.092509
v 0.346709 0.699021 0.217213 0.065763
v 0.334698 0.403310 0.320652 0.060903
v 0.338577 0.386861 0.242223 0.080047
v 0.354289 0.731370 0.217493 0.071415
v 0.123731 0.722297 0.373231 0.060145
v 0.209605 0.518851 0.428017 0.058065
v 0.083628 0.324654 0.037012 0.049898
v 0.295351 0.525290 0.393951 0.056168
v 0.144190 0.514036 0.083679 0.059920
v 0.093366 0.326202 0.034465 0.053959
v 0.122937 0.507631 0.377516 0.060006
v 0.207207 0.516155 0.077544 0.058928
v 0.085462 0.508583 0.163029 0.059057
v 0.222828 0.310561 0.416122 0.056002
v 0.427169 0.820924 0.218314 0.101780
v 0.094493 0.510302 0.113888 0.056163
v 0.339602 0.407802 0.177047 0.078595
v 0.179936 0.298039 0.411179 0.055693
v 0.335786 0.619682 0.289486 0.063962
v 0.179063 0.733159 0.405423 0.057653
v 0.337089 0.582461 0.236823 0.083644
v 0.081723 0.714267 0.347931 0.054496
v 0.443891 0.863154 0.218573 0.100964
v 0.385066 0.212902 0.153545 0.095072
v 0.425351 0.901756 0.217975 0.101227
v 0.252668 0.339101 0.037100 0.056800
v 0.328318 0.385136 0.358693 0.056970
v 0.338441 0.342511 0.218174 0.075113
v 0.387452 0.175277 0.195401 0.103153
v 0.148991 0.741035 0.126732 0.058524
v 0.353931 0.715692 0.219388 0.067406
v 0.384112 0.205989 0.275316 0.099513
v 0.127383 0.750980 0.130588 0.055106
v 0.337729 0.590591 0.170842 0.074293
v 0.227695 0.701330 0.116708 0.056542
v 0.280370 0.351305 0.054727 0.060697
v 0.335350 0.519812 0.167096 0.079433
v 0.390743 0.745042 0.218581 0.079848
v 0.453063 0.929529 0.217903 0.090946
v 0.385600 0.224398 0.241400 0.108669
v 0.138396 0.511776 0.400436 0.058888
v 0.089370 0.509306 0.147976 0.058464
v 0.091158 0.510174 0.134697 0.057877
v 0.231734 0.712252 0.404416 0.058234
v 0.327367 0.519037 0.328259 0.059278
v 0.337220 0.596099 0.175483 0.076952
v 0.598621 0.051698 0.349611 0.060361
v 0.259914 0.524523 0.409930 0.059693
v 0.565101 0.083682 0.319892 0.058134
v 0.539001 0.101771 0.303622 0.058661
v 0.427664 0.829496 0.218754 0.103198
v 0.338051 0.475265 0.242123 0.087381
v 0.352800 0.754804 0.216439 0.078415
v 0.338259 0.551833 0.175773 0.080706
v 0.338003 0.556738 0.160465 0.071141
v 0.309312 0.506842 0.128051 0.060541
v 0.240244 0.336812 0.030321 0.054716
v 0.185405 0.330673 0.026579 0.057702
v 0.090444 0.509153 0.129035 0.057290
v 0.313770 0.507885 0.133936 0.062347
v 0.187257 0.301766 0.412505 0.055185
v 0.412494 0.891528 0.218386 0.101928
v 0.337900 0.626017 0.199503 0.079625
v 0.277416 0.350200 0.052614 0.060490
v 0.361406 0.283765 0.214786 0.075804
v 0.439798 0.842625 0.218315 0.100400
v 0.048602 0.725160 0.199454 0.060065
v 0.284443 0.657875 0.137164 0.059404
v 0.072058 0.508445 0.210221 0.056816
v 0.384687 0.186055 0.179483 0.104132
v 0.091353 0.715793 0.353655 0.057005
v 0.136286 0.514278 0.084995 0.058511
v 0.339146 0.448177 0.171748 0.078484
v 0.312345 0.365591 0.393358 0.055308
v 0.292020 0.517379 0.108670 0.058733
v 0.338414 0.400011 0.251174 0.078816
v 0.053965 0.725852 0.193350 0.059223
v 0.337868 0.655278 0.219818 0.073782
v 0.335605 0.397968 0.332364 0.060201
v 0.385735 0.231126 0.193237 0.106583
v 0.445565 0.880305 0.218629 0.100833
v 0.341459 0.389632 0.167331 0.071683
v 0.339780 0.398731 0.175515 0.076930
v 0.480404 0.128013 0.277391 0.058085
v 0.615732 0.025630 0.083367 0.055347
v 0.229350 0.519635 0.419977 0.059957
v 0.582320 0.049900 0.112874 0.060096
v 0.324172 0.378857 0.367901 0.054991
v 0.385594 0.214412 0.231566 0.111348
v 0.433968 0.858172 0.219514 0.103675
v 0.464470 0.905958 0.218420 0.090188
v 0.335622 0.626778 0.187349 0.078346
v 0.385472 0.213276 0.243222 0.109429
v 0.337639 0.646926 0.206702 0.075730
v 0.101069 0.750954 0.146327 0.055745
v 0.168339 0.297878 0.404668 0.057272
v 0.121998 0.507117 0.375991 0.060033
v 0.298861 0.663138 0.372888 0.056101
v 0.384390 0.179271 0.210314 0.106138
v 0.289514 0.513084 0.105705 0.059450
v 0.125245 0.514083 0.085755 0.055962
v 0.388304 0.864871 0.218346 0.100549
v 0.370792 0.737476 0.218617 0.076898
v 0.421081 0.915397 0.218382 0.096837
v 0.116973 0.751800 0.136423 0.054879
v 0.162444 0.517003 0.425594 0.056163
v 0.127726 0.724184 0.373950 0.060292
v 0.223293 0.331769 0.026188 0.055002
v 0.434520 0.929230 0.218347 0.092867
v 0.338033 0.527043 0.249725 0.084906
v 0.337749 0.599579 0.193943 0.082056
v 0.338245 0.353182 0.210139 0.076978
v 0.337825 0.414514 0.255165 0.079268
v 0.146939 0.728876 0.386127 0.060373
v 0.337576 0.652111 0.229067 0.073948
v 0.386316 0.169123 0.215979 0.099884
v 0.339196 0.432224 0.169833 0.077437
v 0.343229 0.322638 0.208746 0.071193
v 0.168792 0.518239 0.430631 0.055167
v 0.438814 0.919869 0.218058 0.096695
v 0.216452 0.329867 0.026143 0.054739
v 0.445314 0.895670 0.218139 0.100075
v 0.337920 0.575679 0.261025 0.076643
v 0.323989 0.527640 0.145149 0.064757
v 0.305869 0.361463 0.394627 0.057020
v 0.240458 0.514456 0.075954 0.055372
v 0.386711 0.173764 0.237548 0.102490
v 0.417155 0.903146 0.218265 0.100094
v 0.085519 0.508359 0.154852 0.058788
v 0.338751 0.630573 0.210712 0.079371
v 0.279726 0.352280 0.053407 0.060807
v 0.386201 0.835696 0.218777 0.102999
v 0.092057 0.509745 0.139466 0.057641
v 0.385182 0.215558 0.167546 0.102452
v 0.339206 0.669904 0.216268 0.070271
v 0.348991 0.307697 0.212330 0.069972
v 0.313270 0.524625 0.376210 0.054702
v 0.189464 0.733662 0.409252 0.056407
v 0.098226 0.717555 0.357693 0.057708
v 0.337960 0.351702 0.233187 0.075645
v 0.331151 0.513546 0.307084 0.061456
v 0.078572 0.295027 0.343247 0.052212
v 0.392379 0.880545 0.218193 0.098695
v 0.383177 0.760980 0.218229 0.091788
v 0.261226 0.515563 0.081113 0.055811
v 0.385159 0.204440 0.184206 0.107796
v 0.283734 0.675387 0.381023 0.058851
v 0.501809 0.122722 0.284885 0.058259
v 0.338765 0.675805 0.205440 0.065832
v 0.295546 0.354158 0.396712 0.058418
v 0.326063 0.495896 0.148875 0.067303
v 0.319832 0.646209 0.353184 0.053624
v 0.101017 0.511870 0.106337 0.055714
v 0.337241 0.399545 0.293699 0.061843
v 0.600328 0.049029 0.353106 0.059766
v 0.245981 0.523575 0.414933 0.060217
v 0.489578 0.093334 0.166353 0.058128
v 0.154561 0.737350 0.126311 0.059258
v 0.338563 0.634917 0.229734 0.077989
v 0.338261 0.444741 0.257610 0.080531
v 0.338429 0.622595 0.244568 0.077098
v 0.338926 0.393677 0.181359 0.078315
v 0.113691 0.505550 0.366255 0.059799
v 0.089044 0.498641 0.335058 0.054571
v 0.302395 0.644972 0.151964 0.061604
v 0.338564 0.478154 0.179540 0.083815
v 0.559663 0.064532 0.130515 0.057431
v 0.338234 0.644438 0.211188 0.076704
v 0.384872 0.189253 0.249571 0.107023
v 0.284959 0.353045 0.057420 0.060808
v 0.298087 0.664230 0.371435 0.055886
v 0.222162 0.519596 0.423359 0.060042
v 0.433559 0.831977 0.218237 0.101485
v 0.337263 0.489410 0.271034 0.076702
v 0.337547 0.518511 0.178856 0.084280
v 0.334890 0.397758 0.329430 0.060290
v 0.272029 0.347786 0.049150 0.060419
v 0.142110 0.745028 0.127619 0.057344
v 0.527357 0.112286 0.298269 0.059824
v 0.416152 0.820496 0.219556 0.104152
v 0.338157 0.369247 0.188425 0.076184
v 0.449697 0.133788 0.271692 0.061133
v 0.343270 0.382813 0.098336 0.056851
v 0.512275 0.114734 0.290121 0.057855
v 0.445856 0.139549 0.269901 0.062249
v 0.540679 0.102530 0.304552 0.059362
v 0.122620 0.326634 0.032355 0.059646
v 0.294463 0.525226 0.394811 0.056160
v 0.336292 0.409946 0.305244 0.062160
v 0.236509 0.520888 0.418346 0.060907
v 0.337466 0.419286 0.238143 0.084361
v 0.409420 0.159736 0.255284 0.082727
v 0.384425 0.197808 0.209559 0.111157
v 0.336916 0.413468 0.215077 0.085507
v 0.455521 0.131524 0.273283 0.060466
v 0.064604 0.731663 0.181855 0.058790
v 0.522292 0.111356 0.293840 0.058617
v 0.227387 0.315027 0.414342 0.057476
v 0.384555 0.209347 0.263405 0.105125
v 0.384851 0.218500 0.153449 0.093961
v 0.165207 0.515168 0.081056 0.061064
v 0.110704 0.504533 0.361417 0.059559
v 0.254340 0.514857 0.079097 0.055431
v 0.338571 0.455209 0.254898 0.082465
v 0.166226 0.732132 0.125682 0.059999
v 0.136255 0.296701 0.380429 0.061280
v 0.157206 0.300166 0.394595 0.058608
v 0.337943 0.531709 0.189716 0.086651
v 0.218725 0.516201 0.075554 0.057511
v 0.164194 0.733275 0.126105 0.059863
v 0.152920 0.299896 0.391821 0.059311
v 0.080516 0.743917 0.165329 0.058127
v 0.290826 0.526249 0.396053 0.056478
v 0.338103 0.470658 0.250895 0.084808
v 0.111040 0.753382 0.138399 0.054744
v 0.337541 0.492325 0.271638 0.076487
v 0.092465 0.510316 0.120082 0.056596
v 0.338103 0.471271 0.164469 0.075430
v 0.337753 0.496951 0.244403 0.087152
v 0.292574 0.511075 0.109517 0.059113
v 0.338080 0.343436 0.195984 0.072404
v 0.342184 0.322550 0.197672 0.067447
v 0.243405 0.706626 0.398217 0.058993
v 0.338280 0.442205 0.178679 0.081981
v 0.337673 0.458002 0.242782 0.086292
v 0.403345 0.868840 0.219511 0.103862
v 0.232951 0.520327 0.419612 0.060533
v 0.215458 0.308460 0.417925 0.055636
v 0.145777 0.727194 0.386251 0.060587
v 0.437591 0.898234 0.218117 0.101262
v 0.338339 0.361186 0.228499 0.078271
v 0.336577 0.641004 0.192835 0.075749
v 0.524571 0.113766 0.298634 0.058630
v 0.461734 0.886191 0.218063 0.092266
v 0.387132 0.178278 0.246149 0.104616
v 0.094849 0.499205 0.341086 0.057001
v 0.260846 0.345282 0.040820 0.058040
v 0.385766 0.228632 0.239348 0.108019
v 0.338320 0.535028 0.197334 0.088038
v 0.384809 0.216314 0.292666 0.086278
v 0.337833 0.352024 0.202783 0.075577
v 0.468478 0.916469 0.218390 0.085893
v 0.383779 0.177776 0.216490 0.105584
v 0.455607 0.948727 0.217658 0.079541
v 0.337932 0.551484 0.203779 0.088028
v 0.335939 0.406834 0.307610 0.062440
v 0.384903 0.198467 0.194292 0.109171
v 0.350709 0.398886 0.133926 0.063905
v 0.385151 0.207421 0.197458 0.110671
v 0.310260 0.514641 0.129233 0.061813
v 0.385894 0.227979 0.213996 0.109636
v 0.533129 0.077475 0.144671 0.059413
v 0.251480 0.330885 0.408733 0.060091
v 0.138204 0.514412 0.084604 0.058836
v 0.610249 0.030989 0.091907 0.058968
v 0.469869 0.132111 0.275154 0.058666
v 0.391039 0.800242 0.218595 0.102533
v 0.112988 0.503682 0.366041 0.059445
v 0.158414 0.296260 0.396908 0.058807
v 0.337886 0.484519 0.252489 0.084543
v 0.117458 0.505354 0.371262 0.059578
v 0.481133 0.098451 0.164642 0.056432
v 0.338194 0.535774 0.232424 0.088544
v 0.514964 0.115687 0.291564 0.059170
v 0.338760 0.563445 0.261665 0.077461
v 0.093820 0.749437 0.152521 0.056535
v 0.322577 0.643943 0.350612 0.053218
v 0.355682 0.299728 0.251646 0.057515
v 0.331125 0.386430 0.358248 0.057769
v 0.385311 0.214981 0.198630 0.110821
v 0.613823 0.027376 0.087578 0.057429
v 0.337605 0.573857 0.206872 0.086127
v 0.384971 0.228669 0.259692 0.103500
v 0.345169 0.689814 0.225425 0.064852
v 0.336795 0.576632 0.230862 0.084921
v 0.099072 0.499258 0.347432 0.057692
v 0.344581 0.316603 0.205369 0.068979
v 0.337955 0.624211 0.265094 0.069375
v 0.321876 0.372905 0.381411 0.054784
v 0.338502 0.627786 0.235935 0.078312
v 0.446796 0.913869 0.217909 0.097048
v 0.338472 0.420148 0.284181 0.067461
v 0.338516 0.382721 0.183003 0.077005
v 0.204231 0.515600 0.077793 0.059025
v 0.279681 0.524829 0.401437 0.058302
v 0.336749 0.379620 0.091024 0.055801
v 0.339041 0.349871 0.215821 0.076788
v 0.424671 0.140901 0.183183 0.067746
v 0.445407 0.873884 0.218444 0.100770
v 0.321974 0.522566 0.363585 0.056106
v 0.337701 0.578474 0.243036 0.083087
v 0.340947 0.431950 0.154263 0.067555
v 0.411634 0.795032 0.218344 0.100102
v 0.338145 0.372041 0.175467 0.071056
v 0.111075 0.513252 0.101384 0.055134
v 0.191867 0.731111 0.407307 0.056580
v 0.148470 0.299643 0.387843 0.059843
v 0.213479 0.725909 0.410374 0.056468
v 0.335308 0.519904 0.288624 0.069283
v 0.354158 0.299017 0.196855 0.066159
v 0.573725 0.056821 0.118097 0.058519
v 0.168113 0.330556 0.028021 0.058700
v 0.292734 0.649135 0.142291 0.059748
v 0.404302 0.799401 0.218756 0.102509
v 0.349288 0.388629 0.111674 0.058480
v 0.338191 0.527081 0.175660 0.082791
v 0.337619 0.405705 0.235157 0.083444
v 0.085462 0.509482 0.146510 0.057812
v 0.343016 0.686188 0.227517 0.064854
v 0.367027 0.788063 0.218060 0.095817
v 0.336758 0.605005 0.180871 0.078537
v 0.337962 0.425244 0.250132 0.081930
v 0.338097 0.595842 0.241132 0.081387
v 0.338125 0.430141 0.182014 0.082071
v 0.435317 0.820258 0.218199 0.097087
v 0.337380 0.427695 0.236177 0.085639
v 0.092164 0.716466 0.354286 0.057115
v 0.333588 0.625108 0.304136 0.060225
v 0.387237 0.868503 0.218344 0.099292
v 0.543156 0.072888 0.140696 0.058170
v 0.494852 0.090793 0.164884 0.057812
v 0.498914 0.089398 0.162268 0.058332
v 0.103101 0.751349 0.145293 0.055712
v 0.338447 0.487505 0.236138 0.088623
v 0.338625 0.489553 0.188546 0.087167
v 0.264354 0.344631 0.043550 0.059291
v 0.338069 0.356447 0.241253 0.074794
v 0.205452 0.305352 0.416598 0.055280
v 0.073217 0.507458 0.206786 0.057553
v 0.333498 0.392861 0.344747 0.059967
v 0.198469 0.731793 0.410839 0.056015
v 0.338656 0.469189 0.205128 0.089647
v 0.315784 0.636801 0.163182 0.065355
v 0.337820 0.611354 0.265281 0.072490
v 0.332944 0.617491 0.177152 0.076374
v 0.257906 0.332634 0.407543 0.060685
v 0.531809 0.107936 0.299582 0.059826
v 0.415834 0.902001 0.218370 0.100250
v 0.337489 0.598465 0.232296 0.082148
v 0.116660 0.720122 0.368807 0.059519
v 0.098827 0.510972 0.107303 0.055667
v 0.338282 0.392454 0.222942 0.082582
v 0.365542 0.777271 0.218233 0.093624
v 0.320952 0.370060 0.388836 0.053172
v 0.197807 0.516414 0.078488 0.059838
v 0.301967 0.363901 0.067698 0.058989
v 0.382765 0.810373 0.218454 0.102234
v 0.426193 0.858262 0.220330 0.104662
v 0.563363 0.086377 0.318490 0.057993
v 0.305004 0.640167 0.152297 0.061903
v 0.077634 0.507469 0.192234 0.058792
v 0.338085 0.356305 0.199927 0.076032
v 0.235988 0.693887 0.117487 0.054660
v 0.337184 0.588717 0.210644 0.084443
v 0.448051 0.134878 0.271436 0.061438
v 0.206686 0.328789 0.025824 0.055720
v 0.345632 0.414743 0.148958 0.066992
v 0.338362 0.643190 0.231612 0.076002
v 0.212893 0.707733 0.118446 0.059245
v 0.236136 0.334633 0.029822 0.054751
v 0.104317 0.501736 0.352857 0.059364
v 0.337445 0.397882 0.224350 0.083274
v 0.334754 0.607500 0.174176 0.075231
v 0.189596 0.719535 0.121941 0.060769
v 0.335286 0.533323 0.166200 0.078340
v 0.337435 0.416922 0.229926 0.085348
v 0.345384 0.395943 0.153028 0.067832
v 0.337809 0.394741 0.197055 0.081581
v 0.299728 0.525467 0.391864 0.055432
v 0.180210 0.512694 0.078537 0.059145
v 0.288215 0.349461 0.400363 0.059524
v 0.590814 0.045175 0.107593 0.060740
v 0.238101 0.710540 0.399421 0.058698
v 0.332359 0.618279 0.304123 0.060807
v 0.562409 0.062260 0.127952 0.057764
v 0.173812 0.328844 0.028880 0.058972
v 0.079410 0.507852 0.178136 0.059136
v 0.384920 0.238827 0.211052 0.105747
v 0.267651 0.687161 0.388508 0.059774
v 0.420031 0.813120 0.218689 0.102494
v 0.241688 0.692673 0.116361 0.054445
v 0.337960 0.586763 0.253865 0.079053
v 0.394852 0.786650 0.218071 0.100248
v 0.147404 0.513467 0.410473 0.058314
v 0.173622 0.516967 0.432247 0.055459
v 0.155601 0.731230 0.391902 0.059820
v 0.431141 0.837881 0.218970 0.103062
v 0.117963 0.721557 0.368456 0.059873
v 0.085249 0.508830 0.151808 0.058646
v 0.577392 0.073737 0.330083 0.059295
v 0.338502 0.621623 0.204982 0.080402
v 0.274154 0.682833 0.385099 0.059762
v 0.334919 0.530937 0.290371 0.065254
v 0.336438 0.600103 0.172181 0.074604
v 0.367496 0.771875 0.218241 0.093168
v 0.336834 0.515891 0.172094 0.081773
v 0.384376 0.193037 0.222022 0.110688
v 0.130231 0.747095 0.133028 0.055186
v 0.423377 0.892088 0.218866 0.102921
v 0.338345 0.612151 0.239870 0.079715
v 0.329755 0.385192 0.359344 0.057523
v 0.345646 0.318116 0.237784 0.064962
v 0.215116 0.309595 0.416716 0.055839
v 0.074649 0.507017 0.201117 0.058254
v 0.338732 0.483565 0.235803 0.088709
v 0.194872 0.515199 0.078427 0.059824
v 0.270030 0.686878 0.384183 0.058331
v 0.438818 0.884618 0.218578 0.102468
v 0.213498 0.517922 0.075589 0.057725
v 0.385414 0.218925 0.217902 0.111667
v 0.337718 0.403220 0.263582 0.074288
v 0.352863 0.298688 0.219967 0.070835
v 0.204268 0.712140 0.119103 0.060180
v 0.584792 0.049221 0.111190 0.060054
v 0.388533 0.764927 0.218223 0.093276
v 0.479451 0.098641 0.171403 0.057703
v 0.347510 0.402780 0.150326 0.068435
v 0.338398 0.521587 0.188887 0.087018
v 0.385037 0.206891 0.233852 0.111381
v 0.385259 0.181933 0.264733 0.099457
v 0.127167 0.750237 0.131011 0.055285
v 0.463657 0.109977 0.175334 0.058312
v 0.180177 0.332035 0.026652 0.057216
v 0.255160 0.522195 0.410948 0.060756
v 0.318315 0.643733 0.346280 0.055221
v 0.306568 0.657131 0.364698 0.054422
v 0.337624 0.406480 0.192034 0.082187
v 0.271041 0.348868 0.047493 0.060326
v 0.334169 0.379201 0.087916 0.055331
v 0.062199 0.732421 0.186775 0.059990
v 0.324700 0.520251 0.340772 0.058919
v 0.318695 0.522724 0.368346 0.055094
v 0.201698 0.713584 0.120483 0.060236
v 0.227900 0.315134 0.414349 0.057583
v 0.387095 0.790139 0.218103 0.100622
v 0.338150 0.501836 0.242920 0.087267
v 0.113187 0.295676 0.364550 0.059793
v 0.029775 0.713939 0.218029 0.056648
v 0.527557 0.110377 0.297665 0.060028
v 0.338454 0.387371 0.255285 0.075147
v 0.160788 0.330047 0.028997 0.059196
v 0.163750 0.297865 0.399986 0.058412
v 0.321164 0.522509 0.366704 0.055325
v 0.072329 0.734967 0.174677 0.058663
v 0.084804 0.743897 0.162639 0.058635
v 0.175295 0.732764 0.402951 0.058113
v 0.562497 0.063223 0.126896 0.057470
v 0.338063 0.452866 0.234154 0.088037
v 0.210635 0.517610 0.076384 0.058333
v 0.338153 0.391542 0.240217 0.080841
v 0.339922 0.681160 0.211459 0.066058
v 0.252983 0.330420 0.408543 0.060508
v 0.456593 0.115390 0.174664 0.058993
v 0.349370 0.705117 0.221111 0.065369
v 0.329514 0.374980 0.085611 0.056806
v 0.081399 0.507826 0.178921 0.059434
v 0.285620 0.656302 0.140234 0.059612
v 0.340259 0.331369 0.208855 0.072671
v 0.352356 0.711107 0.218951 0.066861
v 0.197016 0.516263 0.426822 0.055130
v 0.337305 0.604784 0.263096 0.073962
v 0.141332 0.298165 0.384315 0.060702
v 0.271533 0.340352 0.404291 0.060856
v 0.244734 0.702925 0.399368 0.058933
v 0.323112 0.637974 0.338396 0.057374
v 0.206525 0.519743 0.430742 0.057721
v 0.337513 0.425953 0.223327 0.087074
v 0.338481 0.528403 0.207399 0.089657
v 0.338497 0.394308 0.190771 0.080633
v 0.093046 0.498928 0.339107 0.056456
v 0.384821 0.188353 0.252853 0.106249
v 0.338440 0.545814 0.212830 0.089302
v 0.337865 0.589034 0.182267 0.080246
v 0.174672 0.727446 0.124267 0.060915
v 0.398316 0.798237 0.218763 0.102476
v 0.292302 0.355592 0.061479 0.060178
v 0.332505 0.517494 0.308890 0.063449
v 0.124238 0.295806 0.372333 0.060763
v 0.289739 0.525200 0.397284 0.056304
v 0.319436 0.501998 0.141013 0.064514
v 0.338105 0.356809 0.192031 0.074655
v 0.416652 0.827941 0.219547 0.104843
v 0.151844 0.729056 0.390780 0.059983
v 0.338234 0.447285 0.211812 0.089088
v 0.356964 0.290354 0.211175 0.073575
v 0.338837 0.470346 0.221195 0.090121
v 0.328960 0.628096 0.322782 0.059313
v 0.027850 0.713610 0.220644 0.055863
v 0.435400 0.855137 0.219139 0.103313
v 0.507369 0.118318 0.287226 0.058119
v 0.231643 0.712831 0.403123 0.058519
v 0.337817 0.626148 0.203662 0.079983
v 0.338228 0.462924 0.240434 0.087248
v 0.602635 0.036447 0.098312 0.060373
v 0.421793 0.931318 0.218215 0.089120
v 0.160173 0.327049 0.029781 0.058996
v 0.410826 0.901315 0.218232 0.099049
v 0.337771 0.553934 0.238359 0.086284
v 0.342824 0.411077 0.163204 0.073693
v 0.127263 0.296609 0.374543 0.060570
v 0.151050 0.730336 0.388939 0.059887
v 0.349047 0.388364 0.127539 0.057989
v 0.464177 0.133092 0.275388 0.059221
v 0.385582 0.218243 0.224367 0.111669
v 0.385699 0.217184 0.240240 0.109886
v 0.338276 0.457173 0.227167 0.089274
v 0.338106 0.561110 0.193117 0.085438
v 0.127618 0.327545 0.032384 0.060025
v 0.337955 0.605876 0.215980 0.082085
v 0.207305 0.518623 0.429111 0.057919
v 0.338315 0.552333 0.224561 0.088778
v 0.338258 0.605626 0.239882 0.080240
v 0.310505 0.365835 0.387895 0.055960
v 0.302143 0.516216 0.119461 0.059973
v 0.109160 0.512834 0.095153 0.054966
v 0.338702 0.450776 0.222170 0.089326
v 0.403698 0.910632 0.218733 0.091890
v 0.337968 0.541251 0.253387 0.083031
v 0.350703 0.396357 0.130549 0.062957
v 0.384880 0.209947 0.254257 0.107626
v 0.275980 0.523917 0.403175 0.058951
v 0.582809 0.068214 0.334563 0.060089
v 0.119652 0.296069 0.369437 0.060449
v 0.585096 0.048175 0.111674 0.059895
v 0.087549 0.509353 0.138901 0.057902
v 0.261697 0.342966 0.042442 0.058894
v 0.320087 0.522949 0.372994 0.053689
v 0.121727 0.513534 0.090612 0.056440
v 0.328055 0.518476 0.324854 0.060152
v 0.533162 0.108827 0.302737 0.059247
v 0.270461 0.669668 0.126965 0.057276
v 0.338452 0.507130 0.195390 0.088823
v 0.391280 0.781763 0.218260 0.099019
v 0.098650 0.510836 0.113559 0.056174
v 0.337708 0.422242 0.237078 0.085074
v 0.236017 0.711222 0.400636 0.059011
v 0.337809 0.434628 0.247330 0.083519
v 0.201829 0.712902 0.119385 0.060212
v 0.338374 0.429391 0.285383 0.065394
v 0.410737 0.882365 0.219201 0.103256
v 0.338353 0.516854 0.234776 0.089000
v 0.385165 0.207600 0.174295 0.105197
v 0.184263 0.516749 0.078773 0.059886
v 0.361698 0.808330 0.218485 0.093395
v 0.157531 0.731086 0.393044 0.059849
v 0.204175 0.725887 0.406720 0.055771
v 0.338137 0.596378 0.188365 0.081052
v 0.338415 0.576031 0.179338 0.080224
v 0.260908 0.678547 0.121301 0.055684
v 0.338434 0.616281 0.196466 0.080250
v 0.295361 0.358385 0.063394 0.060040
v 0.338745 0.529068 0.227952 0.089353
v 0.385424 0.226030 0.177012 0.104073
v 0.338693 0.363895 0.229390 0.078688
v 0.607751 0.039876 0.358679 0.058230
v 0.333892 0.625977 0.181933 0.076827
v 0.141646 0.513707 0.086092 0.059154
v 0.145884 0.330948 0.030883 0.058948
v 0.332619 0.518659 0.309077 0.063562
v 0.166916 0.733486 0.398437 0.058429
v 0.338446 0.582132 0.170393 0.075148
v 0.385208 0.171311 0.225637 0.101569
v 0.343490 0.322204 0.211908 0.071342
v 0.137034 0.296584 0.381152 0.061231
v 0.514648 0.117357 0.291545 0.059353
v 0.154104 0.513026 0.417173 0.057427
v 0.397059 0.817975 0.219733 0.104473
v 0.228869 0.334109 0.028445 0.054806
v 0.083317 0.508612 0.164134 0.059148
v 0.149125 0.297195 0.389545 0.060368
v 0.337882 0.570732 0.198611 0.085521
v 0.130730 0.507611 0.389068 0.059671
v 0.338155 0.386528 0.218316 0.081845
v 0.075699 0.739568 0.172037 0.059549
v 0.307838 0.364120 0.071413 0.059157
v 0.335369 0.400641 0.325422 0.060485
v 0.366902 0.271923 0.225575 0.081360
v 0.244451 0.521641 0.415116 0.060837
v 0.338150 0.426960 0.262826 0.077254
v 0.338487 0.557989 0.174554 0.079995
v 0.131509 0.297398 0.377479 0.060658
v 0.378149 0.764480 0.218331 0.093394
v 0.331532 0.380553 0.370954 0.053976
v 0.138592 0.510287 0.398047 0.059732
v 0.338764 0.538317 0.221580 0.089668
v 0.337770 0.604717 0.197364 0.081941
v 0.424983 0.866012 0.220124 0.104900
v 0.337401 0.594773 0.217199 0.083579
v 0.387278 0.801651 0.218462 0.102334
v 0.209625 0.305632 0.417918 0.054940
v 0.338762 0.471766 0.181396 0.084255
v 0.123471 0.507457 0.378968 0.059993
v 0.595918 0.041234 0.103093 0.060843
v 0.171345 0.732228 0.400897 0.058545
v 0.338011 0.476901 0.261787 0.080929
v 0.270490 0.515552 0.087593 0.056807
v 0.333134 0.376821 0.089428 0.056158
v 0.511744 0.119109 0.289567 0.059036
v 0.337606 0.431633 0.216199 0.088034
v 0.086277 0.508779 0.160411 0.058859
v 0.385597 0.234773 0.221306 0.107338
v 0.400015 0.847554 0.219337 0.104928
v 0.594306 0.056351 0.345581 0.060682
v 0.337487 0.435409 0.202825 0.087084
v 0.337103 0.591019 0.280737 0.065308
v 0.590197 0.046153 0.107381 0.060530
v 0.608432 0.032274 0.091646 0.059208
v 0.107264 0.294877 0.361476 0.059578
v 0.338154 0.667009 0.222928 0.070479
v 0.327753 0.629662 0.325608 0.059026
v 0.313901 0.368092 0.074739 0.058531
v 0.170185 0.325525 0.029412 0.057854
v 0.332242 0.621178 0.309822 0.060162
v 0.328312 0.374587 0.083905 0.057014
v 0.109408 0.719935 0.363347 0.058953
v 0.153812 0.731119 0.391152 0.060031
v 0.103873 0.750054 0.145818 0.055464
v 0.305650 0.363403 0.070192 0.059396
v 0.294856 0.666642 0.376862 0.056979
v 0.338424 0.613927 0.217620 0.081140
v 0.424611 0.881581 0.219429 0.104203
v 0.237058 0.520657 0.417661 0.060953
v 0.307048 0.361808 0.394650 0.056978
v 0.331364 0.389741 0.350389 0.058987
v 0.302392 0.361196 0.067843 0.059755
v 0.326301 0.378879 0.368293 0.055394
v 0.308968 0.654882 0.362723 0.054498
v 0.370509 0.807690 0.218069 0.098334
v 0.024708 0.711064 0.224652 0.054098
v 0.419861 0.885966 0.219135 0.103744
v 0.397192 0.863867 0.219064 0.103385
v 0.471939 0.103637 0.171750 0.058904
v 0.336180 0.379321 0.092744 0.055834
v 0.049201 0.725609 0.199137 0.060030
v 0.277652 0.523216 0.402611 0.058457
v 0.455887 0.916592 0.217933 0.093425
v 0.384724 0.208856 0.209397 0.112527
v 0.486363 0.095601 0.166734 0.058166
v 0.337175 0.422123 0.205859 0.085973
v 0.339315 0.519086 0.208135 0.089987
v 0.065783 0.734178 0.185211 0.059016
v 0.338134 0.527966 0.242199 0.086996
v 0.435307 0.901376 0.218129 0.101131
v 0.446678 0.925744 0.218221 0.093898
v 0.315189 0.367169 0.076862 0.058401
v 0.323726 0.521675 0.352009 0.058118
v 0.385134 0.226398 0.254055 0.105753
v 0.387943 0.806588 0.218636 0.102893
v 0.317777 0.523350 0.375981 0.053911
v 0.203856 0.303645 0.417789 0.054531
v 0.338068 0.619987 0.246863 0.077003
v 0.046522 0.723555 0.201972 0.059911
v 0.326398 0.632557 0.327975 0.058823
v 0.337304 0.579316 0.213412 0.085874
v 0.314755 0.524380 0.381660 0.052998
v 0.384493 0.202031 0.267588 0.103528
v 0.299178 0.360695 0.065053 0.059691
v 0.403906 0.820250 0.220167 0.104700
v 0.337843 0.423913 0.231865 0.086011
v 0.296389 0.355349 0.398756 0.058418
v 0.338505 0.439097 0.216300 0.088685
v 0.328296 0.618435 0.169069 0.071116
v 0.415861 0.910133 0.218289 0.097420
v 0.248979 0.686302 0.118590 0.054722
v 0.514692 0.083758 0.155627 0.059956
v 0.140008 0.326996 0.030676 0.059863
v 0.397675 0.810860 0.219374 0.104176
v 0.400252 0.889463 0.218194 0.099259
v 0.378229 0.785122 0.218186 0.098751
v 0.078404 0.507354 0.190689 0.058527
v 0.239575 0.694717 0.115998 0.054651
v 0.214033 0.329697 0.025983 0.054951
v 0.385410 0.238719 0.233640 0.104962
v 0.554253 0.093739 0.313585 0.058240
v 0.385121 0.181029 0.197730 0.106130
v 0.206396 0.516199 0.077695 0.059035
v 0.384617 0.196561 0.263479 0.104534
v 0.338171 0.442536 0.229126 0.087946
v 0.335115 0.404543 0.313298 0.061910
v 0.198400 0.519732 0.432605 0.056701
v 0.521550 0.080542 0.151804 0.060050
v 0.337666 0.415346 0.186735 0.081683
v 0.337580 0.415927 0.290885 0.065714
v 0.101025 0.718488 0.359731 0.058127
v 0.517100 0.116225 0.292870 0.059248
v 0.271196 0.523698 0.404515 0.059404
v 0.385075 0.852255 0.218148 0.101246
v 0.162530 0.330104 0.028967 0.059328
v 0.319829 0.370740 0.382918 0.054905
v 0.083036 0.295029 0.346042 0.054195
v 0.338869 0.369616 0.216711 0.080147
v 0.403312 0.780160 0.218348 0.097144
v 0.096455 0.294996 0.353621 0.057354
v 0.348663 0.701305 0.217782 0.065679
v 0.366314 0.273156 0.199651 0.078069
v 0.257836 0.694897 0.393021 0.059936
v 0.162628 0.296528 0.399108 0.058143
v 0.337767 0.438453 0.208896 0.088226
v 0.338410 0.354351 0.218616 0.077695
v 0.338454 0.462129 0.213188 0.089920
v 0.337863 0.536078 0.262464 0.079009
v 0.435904 0.131688 0.174582 0.059724
v 0.605398 0.042977 0.356088 0.058871
v 0.381794 0.826418 0.218339 0.102041
v 0.202829 0.731146 0.410710 0.056037
v 0.337798 0.398390 0.206077 0.082863
v 0.364533 0.824052 0.218073 0.093745
v 0.069397 0.506323 0.222828 0.054114
v 0.323958 0.635817 0.336146 0.057698
v 0.083190 0.507834 0.175511 0.058710
v 0.227325 0.717460 0.402738 0.057585
v 0.306332 0.368978 0.068166 0.056028
v 0.337655 0.545883 0.191200 0.086060
v 0.197062 0.715522 0.120714 0.060513
v 0.337639 0.564438 0.210261 0.087644
v 0.256773 0.681785 0.120107 0.055216
v 0.219649 0.310779 0.415927 0.056623
v 0.384874 0.211322 0.220978 0.112645
v 0.339948 0.331648 0.220889 0.073072
v 0.338149 0.439304 0.220504 0.088651
v 0.336196 0.541089 0.164535 0.076238
v 0.182850 0.516984 0.432447 0.056147
v 0.385926 0.225683 0.228442 0.109917
v 0.038245 0.717980 0.209254 0.058332
v 0.264871 0.521881 0.407374 0.059830
v 0.073753 0.507422 0.200946 0.058415
v 0.338578 0.366426 0.209131 0.079232
v 0.338854 0.464231 0.222848 0.089746
v 0.331931 0.506295 0.159828 0.075709
v 0.337792 0.404877 0.239473 0.082710
v 0.156177 0.297750 0.395048 0.059506
v 0.337403 0.595669 0.271013 0.071092
v 0.119374 0.294335 0.369385 0.060052
v 0.413668 0.812212 0.219258 0.103486
v 0.152644 0.512129 0.414628 0.057639
v 0.394912 0.883441 0.218233 0.098777
v 0.320710 0.628566 0.164080 0.067682
v 0.546770 0.071022 0.138913 0.057939
v 0.207459 0.330977 0.025362 0.056045
v 0.106417 0.753520 0.141325 0.054945
v 0.337482 0.432369 0.187427 0.083682
v 0.505294 0.086868 0.160259 0.058762
v 0.336091 0.508377 0.283082 0.072165
v 0.304084 0.360691 0.396550 0.057250
v 0.547703 0.071035 0.137631 0.057861
v 0.516047 0.083306 0.155118 0.060051
v 0.337800 0.514081 0.249146 0.085523
v 0.337379 0.588461 0.224358 0.084438
v 0.593126 0.043673 0.104690 0.060936
v 0.497853 0.122562 0.285165 0.058539
v 0.086566 0.508236 0.167213 0.058133
v 0.306030 0.508942 0.123615 0.060404
v 0.273784 0.665085 0.132362 0.057830
v 0.337592 0.424374 0.214243 0.087112
v 0.333351 0.397283 0.335567 0.059760
v 0.335708 0.502330 0.282540 0.071367
v 0.298089 0.357911 0.066900 0.059204
v 0.425242 0.915808 0.218168 0.097474
v 0.338010 0.644157 0.220121 0.076620
v 0.338474 0.516481 0.197728 0.088672
v 0.337817 0.567041 0.220864 0.087527
v 0.187764 0.730616 0.406275 0.056350
v 0.334660 0.618238 0.296602 0.062857
v 0.375914 0.797116 0.218036 0.099709
v 0.413784 0.826967 0.219961 0.105001
v 0.309022 0.640815 0.156732 0.063137
v 0.310180 0.654123 0.360996 0.054154
v 0.155514 0.513628 0.082723 0.061177
v 0.384803 0.203977 0.202445 0.111214
v 0.476154 0.127109 0.278650 0.058869
v 0.265278 0.673721 0.125392 0.056834
v 0.385039 0.240220 0.267785 0.093867
v 0.337978 0.585370 0.193650 0.083047
v 0.074286 0.737105 0.172026 0.058501
v 0.337217 0.425039 0.196362 0.084578
v 0.333417 0.393226 0.344169 0.059963
v 0.204592 0.328634 0.026022 0.055995
v 0.220209 0.330385 0.026279 0.054654
v 0.339149 0.526536 0.217595 0.090089
v 0.222227 0.703873 0.117028 0.057778
v 0.164196 0.731653 0.398240 0.058867
v 0.093264 0.509839 0.116718 0.056218
v 0.337695 0.405121 0.216460 0.084378
v 0.098194 0.325814 0.034361 0.055505
v 0.244271 0.325461 0.410783 0.059623
v 0.384314 0.193418 0.214481 0.110708
v 0.338899 0.457558 0.215178 0.089861
v 0.229350 0.315394 0.414021 0.057745
v 0.399658 0.784333 0.218327 0.099214
v 0.094498 0.510862 0.132658 0.056632
v 0.400816 0.855804 0.219905 0.104523
v 0.384974 0.239299 0.213076 0.105529
v 0.215266 0.724570 0.407830 0.057572
v 0.143926 0.510960 0.404866 0.058802
v 0.156160 0.514366 0.082296 0.061100
v 0.097870 0.501195 0.344666 0.057602
v 0.384705 0.210740 0.265937 0.104379
v 0.135619 0.327169 0.031358 0.060234
v 0.312215 0.518717 0.131799 0.061785
v 0.345768 0.386432 0.144777 0.060055
v 0.338398 0.533905 0.223197 0.089798
v 0.337439 0.583699 0.230796 0.084344
v 0.459998 0.112284 0.174731 0.059041
v 0.124965 0.723745 0.371968 0.060147
v 0.338713 0.631272 0.220653 0.079553
v 0.297495 0.516244 0.115184 0.059968
v 0.397581 0.823644 0.219617 0.104845
v 0.250833 0.521446 0.412740 0.061145
v 0.158944 0.326251 0.029989 0.058434
v 0.327145 0.631558 0.324641 0.058577
v 0.556809 0.091815 0.314572 0.058143
v 0.337952 0.549521 0.194286 0.086469
v 0.384386 0.209180 0.216620 0.112869
v 0.181795 0.516093 0.079589 0.060387
v 0.152703 0.739045 0.126757 0.059176
v 0.384979 0.187887 0.245169 0.107508
v 0.385109 0.182618 0.186398 0.104802
v 0.250786 0.699920 0.396399 0.059648
v 0.206021 0.711283 0.119392 0.060213
v 0.338620 0.536107 0.218128 0.089783
v 0.338237 0.493765 0.236539 0.088705
v 0.526499 0.079526 0.148816 0.060009
v 0.134071 0.725634 0.377938 0.060625
v 0.337319 0.520833 0.264116 0.079980
v 0.142902 0.729751 0.383719 0.059912
v 0.338647 0.512177 0.205930 0.089862
v 0.421269 0.873383 0.220102 0.104732
v 0.056232 0.728701 0.190962 0.060185
v 0.310211 0.637130 0.155762 0.063416
v 0.341274 0.382355 0.097891 0.056519
v 0.213512 0.516102 0.077257 0.058268
v 0.338428 0.368104 0.198688 0.078104
v 0.311184 0.364273 0.075057 0.058074
v 0.338336 0.448979 0.218066 0.089362
v 0.604566 0.035806 0.095458 0.060098
v 0.425647 0.848633 0.219812 0.104875
v 0.338051 0.601760 0.204787 0.082484
v 0.338633 0.379108 0.202218 0.080648
v 0.231123 0.698504 0.116968 0.056282
v 0.256829 0.331870 0.408093 0.060527
v 0.431682 0.888394 0.218807 0.103129
v 0.338117 0.390634 0.231289 0.081856
v 0.419414 0.833366 0.220211 0.104757
v 0.385221 0.215381 0.203161 0.111440
v 0.082238 0.508314 0.165539 0.058980
v 0.337325 0.631148 0.193222 0.078094
v 0.127234 0.513437 0.089372 0.056758
v 0.382156 0.843449 0.218334 0.101324
v 0.276678 0.350539 0.051341 0.060561
v 0.401896 0.832341 0.220229 0.104995
v 0.322124 0.514996 0.144099 0.067051
v 0.534191 0.106046 0.300865 0.059852
v 0.338373 0.551397 0.220386 0.089083
v 0.144019 0.297657 0.386293 0.060745
v 0.385561 0.222573 0.191218 0.108590
v 0.191611 0.517818 0.078292 0.059521
v 0.236089 0.515229 0.075610 0.055732
v 0.337948 0.447238 0.201933 0.088002
v 0.341100 0.381634 0.095892 0.056400
v 0.338842 0.485784 0.210692 0.090300
v 0.337717 0.341775 0.227701 0.073681
v 0.247508 0.703099 0.396317 0.059777
v 0.385491 0.239737 0.248137 0.101403
v 0.328046 0.377892 0.371365 0.054809
v 0.338359 0.660282 0.240286 0.069135
v 0.336873 0.501384 0.176717 0.084100
v 0.384558 0.206741 0.223392 0.112697
v 0.146139 0.514090 0.083882 0.060280
v 0.409016 0.841137 0.220666 0.105137
v 0.112335 0.513708 0.091954 0.054647
v 0.338540 0.518084 0.227501 0.089731
v 0.079851 0.713596 0.346710 0.053773
v 0.118869 0.506212 0.372891 0.059895
v 0.578765 0.071528 0.331703 0.059543
v 0.384290 0.222972 0.278296 0.096171
v 0.338008 0.565272 0.212875 0.087595
v 0.297520 0.355659 0.397899 0.058470
v 0.412008 0.848870 0.220173 0.105520
v 0.338355 0.566231 0.178844 0.080979
v 0.103600 0.326381 0.032663 0.056184
v 0.384693 0.202605 0.233559 0.111201
v 0.149836 0.329258 0.029876 0.059878
v 0.266476 0.523722 0.407130 0.059759
v 0.337906 0.636843 0.203664 0.078054
v 0.417673 0.147316 0.179854 0.070981
v 0.350125 0.391904 0.120985 0.060391
v 0.137416 0.746210 0.128200 0.056906
v 0.249682 0.339623 0.035178 0.056731
v 0.384622 0.202831 0.247350 0.108767
v 0.446737 0.123185 0.176738 0.059118
v 0.062644 0.732311 0.186114 0.060077
v 0.522573 0.080271 0.151332 0.060038
v 0.185192 0.299636 0.413009 0.055180
v 0.338769 0.612590 0.222071 0.081161
v 0.185598 0.301594 0.411744 0.055336
v 0.273014 0.683111 0.386152 0.059801
v 0.095521 0.750226 0.151207 0.056433
v 0.336617 0.407600 0.290870 0.065269
v 0.264183 0.515124 0.082487 0.056044
v 0.338190 0.541867 0.233761 0.088030
v 0.258148 0.696015 0.390750 0.059822
v 0.254959 0.331729 0.407777 0.060560
v 0.338171 0.446254 0.246748 0.084802
v 0.171411 0.328397 0.028701 0.059139
v 0.469023 0.104965 0.173489 0.058241
v 0.601190 0.048344 0.352259 0.060046
v 0.338592 0.452331 0.210155 0.089459
v 0.414783 0.839951 0.220497 0.105229
v 0.508767 0.085572 0.158518 0.059189
v 0.338288 0.464372 0.200943 0.089235
v 0.338154 0.480992 0.175531 0.082278
v 0.377530 0.831625 0.218064 0.100427
v 0.337520 0.562237 0.228456 0.087342
v 0.461104 0.907476 0.218083 0.091378
v 0.523128 0.114159 0.295570 0.059535
v 0.384749 0.221314 0.261755 0.104713
v 0.234337 0.696687 0.116116 0.055728
v 0.195891 0.301787 0.416598 0.054403
v 0.338726 0.546981 0.214368 0.089318
v 0.095226 0.510683 0.111687 0.055710
v 0.118999 0.325989 0.032789 0.059500
v 0.338014 0.603281 0.193381 0.081575
v 0.424058 0.804003 0.217971 0.098190
v 0.290812 0.671987 0.372873 0.054812
v 0.338129 0.409262 0.248955 0.080726
v 0.241241 0.521009 0.416115 0.060980
v 0.338170 0.613203 0.206680 0.081390
v 0.156909 0.515205 0.421014 0.056897
v 0.384084 0.241507 0.203304 0.102884
v 0.183777 0.329344 0.027604 0.058130
v 0.075353 0.507546 0.197807 0.058693
v 0.122210 0.506445 0.377636 0.060016
v 0.449509 0.137244 0.270259 0.061076
v 0.338283 0.559565 0.203762 0.087359
v 0.185098 0.517807 0.433969 0.056131
v 0.170922 0.515101 0.080502 0.060727
v 0.301837 0.359292 0.393538 0.057537
v 0.200995 0.329617 0.026507 0.056274
v 0.162925 0.514610 0.081703 0.061231
v 0.187710 0.720198 0.122239 0.060966
v 0.283816 0.515481 0.100101 0.059060
v 0.418536 0.865627 0.219897 0.105353
v 0.093379 0.747583 0.155134 0.056862
v 0.596652 0.053342 0.348031 0.060644
v 0.385484 0.219637 0.210613 0.111449
v 0.338982 0.393723 0.292400 0.059239
v 0.129723 0.294981 0.376547 0.060295
v 0.254280 0.340831 0.036924 0.057246
v 0.538494 0.104218 0.302915 0.059686
v 0.610863 0.038121 0.363131 0.056167
v 0.307796 0.658180 0.368169 0.053986
v 0.170999 0.729378 0.124090 0.060908
v 0.332399 0.517770 0.305700 0.064348
v 0.318395 0.648969 0.356613 0.052774
v 0.039048 0.720994 0.208105 0.058697
v 0.341427 0.681706 0.218267 0.067162
v 0.338433 0.666474 0.228730 0.070059
v 0.333489 0.507990 0.298480 0.063306
v 0.253313 0.684816 0.119011 0.055002
v 0.338971 0.495518 0.227974 0.089980
v 0.272424 0.341006 0.404283 0.060830
v 0.152164 0.329373 0.029968 0.059800
v 0.337323 0.415471 0.271753 0.072457
v 0.141224 0.297191 0.384378 0.060762
v 0.096739 0.716143 0.357832 0.057718
v 0.414134 0.921045 0.218398 0.091576
v 0.338189 0.504185 0.194689 0.088694
v 0.252197 0.522034 0.412134 0.060900
v 0.336764 0.616101 0.186440 0.079572
v 0.110450 0.718589 0.365370 0.059134
v 0.347561 0.405838 0.149236 0.068132
v 0.133987 0.299149 0.378352 0.059943
v 0.337422 0.569304 0.240529 0.084419
v 0.112950 0.752439 0.137775 0.054869
v 0.310415 0.517227 0.129627 0.061771
v 0.339401 0.492267 0.215548 0.090533
v 0.336722 0.610927 0.280591 0.067182
v 0.339135 0.473598 0.214428 0.090293
v 0.149003 0.511857 0.410051 0.058121
v 0.338955 0.537690 0.209016 0.089508
v 0.449638 0.121442 0.177835 0.058374
v 0.337827 0.463758 0.251303 0.084207
v 0.332790 0.624561 0.306381 0.060731
v 0.568555 0.058838 0.123755 0.058310
v 0.458516 0.113647 0.175085 0.059069
v 0.337251 0.412928 0.223063 0.085327
v 0.339170 0.522472 0.221162 0.089912
v 0.249590 0.329226 0.409636 0.060239
v 0.338370 0.639015 0.239372 0.075419
v 0.384365 0.205325 0.214606 0.112894
v 0.274922 0.341911 0.403754 0.060623
v 0.282787 0.515273 0.098292 0.058983
v 0.338462 0.467031 0.218428 0.090130
v 0.385573 0.220426 0.181371 0.106760
v 0.337939 0.458415 0.184741 0.085014
v 0.602632 0.046449 0.353650 0.059964
v 0.123650 0.325827 0.032471 0.059770
v 0.342516 0.324127 0.218619 0.071631
v 0.137043 0.725301 0.381190 0.060515
v 0.251118 0.701936 0.393995 0.059362
v 0.432845 0.874915 0.219327 0.103830
v 0.341035 0.439090 0.159394 0.070805
v 0.219808 0.720726 0.407375 0.058050
v 0.097799 0.511356 0.116344 0.056374
v 0.338951 0.521896 0.213868 0.090228
v 0.384186 0.202689 0.218485 0.112696
v 0.530835 0.078310 0.147250 0.059808
v 0.223416 0.331241 0.026280 0.055009
v 0.338927 0.505197 0.211137 0.090545
v 0.338436 0.621134 0.260018 0.072101
v 0.338455 0.616737 0.231724 0.080429
v 0.277950 0.679594 0.384149 0.059269
v 0.338391 0.381033 0.191917 0.079199
v 0.319276 0.521994 0.359839 0.056144
v 0.345154 0.313430 0.221508 0.069903
v 0.337812 0.586458 0.202870 0.084226
v 0.303310 0.510767 0.120941 0.060252
v 0.338492 0.486049 0.195228 0.089047
v 0.120055 0.513663 0.089261 0.056024
v 0.232805 0.515776 0.075333 0.056243
v 0.329277 0.625574 0.319401 0.059140
v 0.338002 0.659954 0.210313 0.072370
v 0.340654 0.421698 0.169232 0.077105
v 0.337597 0.450541 0.194844 0.086898
v 0.558642 0.064704 0.129265 0.057562
v 0.487069 0.094476 0.167112 0.058100
v 0.203507 0.728642 0.409158 0.056670
v 0.327431 0.373933 0.084489 0.057054
v 0.131494 0.725368 0.376649 0.060578
v 0.110199 0.294835 0.362806 0.059538
v 0.265833 0.336941 0.406076 0.060683
v 0.122936 0.295459 0.371519 0.060751
v 0.598225 0.039766 0.101337 0.060996
v 0.243200 0.325544 0.410342 0.059414
v 0.591108 0.044862 0.107206 0.060808
v 0.338378 0.523246 0.200100 0.088999
v 0.458889 0.931482 0.217889 0.088084
v 0.338986 0.345464 0.245962 0.069794
v 0.338768 0.478141 0.226752 0.089916
v 0.329729 0.627547 0.318215 0.059548
v 0.301121 0.509363 0.118767 0.059345
v 0.410376 0.861459 0.220574 0.104838
v 0.280766 0.352785 0.054098 0.060886
v 0.177043 0.298511 0.409247 0.056096
v 0.101622 0.294643 0.357540 0.058740
v 0.493646 0.123961 0.282161 0.058685
v 0.600713 0.038502 0.098631 0.060506
v 0.382880 0.813940 0.218496 0.102341
v 0.337156 0.573525 0.219133 0.086724
v 0.182720 0.722905 0.123168 0.061228
v 0.384292 0.177002 0.225557 0.105012
v 0.339024 0.339305 0.190461 0.069173
v 0.332168 0.389529 0.353538 0.058650
v 0.326437 0.519368 0.336952 0.059251
v 0.384494 0.186953 0.198695 0.107714
v 0.324200 0.521167 0.350933 0.058300
v 0.106674 0.718351 0.364074 0.058483
v 0.042691 0.722039 0.205179 0.059215
v 0.487343 0.126683 0.279743 0.058634
v 0.070786 0.736825 0.177824 0.059569
v 0.225625 0.520712 0.422928 0.060438
v 0.589704 0.059685 0.340603 0.059988
v 0.384572 0.199143 0.226056 0.111769
v 0.115334 0.506439 0.368178 0.059629
v 0.449911 0.119364 0.172786 0.058047
v 0.338701 0.479053 0.208250 0.090175
v 0.408028 0.828645 0.220143 0.105241
v 0.191514 0.299405 0.415506 0.054496
v 0.332469 0.635263 0.181633 0.074540
v 0.291764 0.668525 0.378679 0.057431
v 0.436999 0.867980 0.219053 0.103495
v 0.105871 0.512229 0.098119 0.055222
v 0.222398 0.719520 0.405787 0.058162
v 0.549285 0.096887 0.309582 0.058596
v 0.235584 0.319775 0.413063 0.058605
v 0.384433 0.206845 0.295548 0.084641
v 0.299456 0.357541 0.393190 0.057202
v 0.199555 0.714658 0.121076 0.060463
v 0.337765 0.438112 0.227622 0.087846
v 0.469657 0.127705 0.276916 0.059470
v 0.513221 0.084358 0.156149 0.059886
v 0.292887 0.513927 0.109154 0.059935
v 0.115032 0.326233 0.032682 0.058843
v 0.257240 0.515215 0.079876 0.055742
v 0.298687 0.646529 0.148037 0.061519
v 0.239656 0.706903 0.401142 0.058949
v 0.336315 0.522836 0.279618 0.072777
v 0.553268 0.068831 0.132973 0.057018
v 0.220763 0.703614 0.117972 0.058161
v 0.179496 0.724812 0.123115 0.061172
v 0.338241 0.469053 0.235179 0.088567
v 0.086746 0.294941 0.348561 0.055432
v 0.219962 0.705100 0.117617 0.058104
v 0.034369 0.717241 0.212890 0.057899
v 0.332930 0.521666 0.300379 0.064779
v 0.390559 0.824706 0.219260 0.104006
v 0.316617 0.645407 0.349959 0.054464
v 0.338259 0.376302 0.224484 0.080617
v 0.143301 0.743030 0.128384 0.057623
v 0.261890 0.335561 0.406732 0.060884
v 0.289839 0.355495 0.059765 0.060591
v 0.183712 0.722439 0.122632 0.061200
v 0.384873 0.186450 0.234505 0.108498
v 0.546190 0.098773 0.306888 0.058668
v 0.386360 0.854870 0.218317 0.101453
v 0.531282 0.109478 0.300218 0.060002
v 0.239821 0.322565 0.411557 0.059357
v 0.331270 0.624654 0.311963 0.060331
v 0.385515 0.238361 0.225809 0.105872
v 0.260508 0.521431 0.409029 0.060082
v 0.305620 0.525655 0.386696 0.054757
v 0.215246 0.520172 0.426979 0.059112
v 0.459401 0.112707 0.170558 0.057981
v 0.550837 0.069283 0.136554 0.057419
v 0.178999 0.516997 0.434141 0.055514
v 0.246558 0.515714 0.076088 0.055455
v 0.338454 0.661970 0.206465 0.071383
v 0.335149 0.635710 0.187364 0.076360
v 0.315642 0.646087 0.349046 0.054092
v 0.113774 0.325361 0.033489 0.058474
v 0.338618 0.363102 0.241884 0.076205
v 0.384621 0.197468 0.152230 0.093253
v 0.129989 0.508729 0.386957 0.060053
v 0.337888 0.602711 0.226752 0.082087
v 0.591146 0.059542 0.343101 0.060345
v 0.348423 0.388351 0.110868 0.058537
v 0.401704 0.881368 0.218600 0.101793
v 0.297171 0.526476 0.391415 0.055570
v 0.135707 0.514584 0.087759 0.058182
v 0.338597 0.383402 0.209006 0.081339
v 0.339286 0.508648 0.220897 0.090562
v 0.338702 0.505040 0.234772 0.088743
v 0.385500 0.210109 0.186949 0.108702
v 0.406849 0.808961 0.219368 0.103894
v 0.309912 0.524927 0.377102 0.053889
v 0.545778 0.100735 0.310460 0.057740
v 0.431088 0.840680 0.218919 0.103466
v 0.570109 0.080152 0.324358 0.058558
v 0.325131 0.520880 0.346324 0.058601
v 0.574484 0.077740 0.327871 0.058427
v 0.181946 0.327010 0.028997 0.057435
v 0.207820 0.728037 0.409793 0.056814
v 0.307701 0.363410 0.390032 0.056267
v 0.076508 0.507766 0.185030 0.058463
v 0.267169 0.337891 0.404821 0.060771
v 0.338078 0.471867 0.192986 0.087936
v 0.324181 0.373260 0.080836 0.057281
v 0.384799 0.243598 0.184367 0.097493
v 0.581372 0.051149 0.113406 0.060010
v 0.359196 0.803261 0.218321 0.091756
v 0.339154 0.489194 0.219456 0.090718
v 0.338412 0.377870 0.230955 0.080542
v 0.274271 0.666060 0.129843 0.058147
v 0.121151 0.751751 0.133291 0.054862
v 0.417250 0.851910 0.220079 0.105671
v 0.337675 0.563713 0.249261 0.082671
v 0.176128 0.513997 0.080072 0.060540
v 0.338849 0.496872 0.203388 0.089931
v 0.183053 0.733711 0.406569 0.057274
v 0.069467 0.505272 0.223497 0.053931
v 0.432992 0.143410 0.266637 0.066439
v 0.186961 0.327794 0.027819 0.057813
v 0.281364 0.676889 0.382218 0.059048
v 0.338565 0.535044 0.207343 0.089499
v 0.271878 0.348747 0.048182 0.060593
v 0.225942 0.332884 0.026904 0.055108
v 0.169515 0.516044 0.079790 0.060556
v 0.075478 0.507669 0.196320 0.058832
v 0.032092 0.716173 0.215974 0.057213
v 0.194651 0.328065 0.027604 0.056560
v 0.227431 0.518465 0.074963 0.055864
v 0.387522 0.876294 0.218081 0.097005
v 0.236700 0.708938 0.401992 0.058844
v 0.337210 0.410876 0.202988 0.084141
v 0.148874 0.514688 0.084065 0.060465
v 0.107787 0.503189 0.358739 0.059587
v 0.088761 0.508941 0.145004 0.058555
v 0.288378 0.350423 0.398693 0.059008
v 0.396134 0.839794 0.219822 0.104555
v 0.440520 0.126806 0.180092 0.059620
v 0.571414 0.057145 0.120383 0.058859
v 0.338279 0.603227 0.249534 0.078594
v 0.337677 0.438658 0.237419 0.086292
v 0.318979 0.520956 0.139713 0.064209
v 0.338162 0.402953 0.276750 0.068954
v 0.429798 0.912650 0.217920 0.098879
v 0.282471 0.346222 0.400978 0.060054
v 0.338812 0.627738 0.218285 0.080062
v 0.409354 0.870470 0.219514 0.104672
