0.280207 0.483189 0.237882
0.328950 0.368652 0.319390
0.337229 0.121721 0.194406
0.027304 0.738437 0.231313
0.287120 0.528920 0.153547
0.377089 0.309155 0.271610
0.307257 0.666305 0.339748
0.335285 0.515281 0.389790
0.318252 0.148476 0.252778
0.411133 0.128969 0.136087
0.596963 0.067068 0.086599
0.381451 0.432149 0.281288
0.102552 0.739017 0.121019
0.149405 0.523557 0.369955
0.330759 0.170630 0.127634
0.492262 0.946063 0.262623
0.244899 0.738319 0.395750
0.058501 0.712172 0.354942
0.317153 0.547317 0.336402
0.176776 0.723718 0.430406
0.120543 0.768307 0.154423
0.086092 0.534415 0.112686
0.183603 0.279098 0.392275
0.082412 0.479205 0.354877
0.266448 0.318881 0.432522
0.305839 0.479230 0.304261
0.068061 0.316668 0.028758
0.448229 0.841101 0.147649
0.366227 0.698641 0.254358
0.388274 0.817084 0.145898
0.312098 0.692022 0.244571
0.423784 0.936747 0.154199
0.126217 0.304204 0.051809
0.471824 0.095676 0.141309
0.349802 0.207611 0.337210
0.152611 0.749583 0.416975
0.292679 0.549899 0.151481
0.429664 0.270539 0.301766
0.344245 0.603772 0.331106
0.599203 0.076226 0.367181
0.467225 0.996379 0.220478
0.373094 0.344594 0.168685
0.485554 0.869618 0.160388
0.301187 0.641917 0.321812
0.291004 0.375767 0.416294
0.300214 0.677627 0.223334
0.118492 0.277765 0.340869
0.602207 0.014723 0.373923
0.027178 0.747096 0.201819
0.127100 0.353333 0.047340
0.361840 0.364125 0.291078
0.314046 0.379522 0.298724
0.420475 0.835927 0.294891
0.276977 0.647623 0.389754
0.116038 0.528494 0.407170
0.390597 0.937115 0.274338
0.321961 0.541809 0.395570
0.298014 0.343518 0.179705
0.118574 0.317332 0.395203
0.116944 0.531719 0.115324
0.500902 0.814570 0.193706
0.160986 0.495804 0.387264
0.474669 0.904581 0.155539
0.397437 0.543857 0.226738
0.107109 0.481847 0.386495
0.202908 0.681044 0.124587
0.380781 0.125946 0.132594
0.111996 0.731487 0.164911
0.302744 0.833579 0.228849
0.361543 0.390988 0.351921
0.317904 0.175969 0.148661
0.505553 0.057510 0.164521
0.508122 0.104070 0.185409
0.307349 0.394342 0.064382
0.080587 0.490124 0.107033
0.358030 0.713193 0.179475
0.368900 0.759815 0.281592
0.310137 0.600719 0.312653
0.309394 0.735656 0.226640
0.077818 0.282827 0.326604
0.512815 0.958527 0.226250
0.333340 0.661110 0.290684
0.292529 0.638177 0.242674
0.460178 0.185240 0.263397
0.487441 0.776830 0.228860
0.573156 0.111869 0.325283
0.288796 0.574153 0.263461
0.290905 0.380779 0.086813
0.409028 0.243648 0.336569
0.314964 0.180868 0.283378
0.275510 0.354753 0.431075
0.306112 0.409915 0.336597
0.466220 0.217922 0.238113
0.412044 0.826547 0.145631
0.369882 0.416463 0.304013
0.104734 0.504058 0.201012
0.472253 0.782962 0.260809
0.313858 0.407021 0.364991
0.394878 0.469950 0.248656
0.388940 0.432976 0.173167
0.225073 0.502199 0.448255
0.452452 0.146903 0.155022
0.320992 0.275300 0.251757
0.448865 0.109058 0.145345
0.188476 0.348257 0.047115
0.163312 0.545224 0.072906
0.469375 0.748960 0.208566
0.170554 0.321845 0.001215
0.285280 0.437959 0.258114
0.152717 0.735772 0.356545
0.285701 0.542717 0.087832
0.097389 0.523088 0.382922
0.085712 0.753236 0.126980
0.375324 0.392365 0.283583
0.173167 0.743966 0.151521
0.460328 0.968165 0.265441
0.265442 0.335329 0.076715
0.377725 0.725333 0.168302
0.337023 0.916436 0.238607
0.299212 0.528657 0.302227
0.399006 0.512548 0.215842
0.343187 0.825228 0.156499
0.372548 0.613908 0.150007
0.262533 0.369751 0.070310
0.400342 0.986932 0.206703
0.219501 0.507400 0.102653
0.480680 0.083492 0.192752
0.245052 0.498821 0.096257
0.188349 0.730668 0.092991
0.060546 0.503296 0.134387
0.296441 0.500976 0.294939
0.257483 0.522493 0.380052
0.105838 0.298322 0.328371
0.606293 0.052174 0.317808
0.090471 0.305472 0.022506
0.634503 0.020458 0.061926
0.128555 0.477953 0.383753
0.053087 0.524069 0.190642
0.183219 0.485255 0.068083
0.374197 0.584952 0.289077
0.517959 0.864679 0.237251
0.352095 0.419401 0.342816
0.433325 0.097963 0.182555
0.226351 0.742700 0.390539
0.282791 0.539720 0.426015
0.209894 0.324059 0.436591
0.204725 0.498572 0.055006
0.081815 0.532339 0.213178
0.267156 0.644471 0.113499
0.317403 0.884001 0.219409
0.316441 0.274485 0.202309
0.297961 0.332352 0.038834
0.431323 0.888331 0.145982
0.477415 0.771399 0.190637
0.259795 0.669701 0.155617
0.393502 0.834337 0.294301
0.349062 0.517599 0.363459
0.140853 0.334052 0.059211
0.398149 0.532383 0.209500
0.333244 0.386728 0.397967
0.119183 0.693436 0.355719
0.456693 0.262247 0.201933
0.370387 0.556528 0.135060
0.337515 0.193487 0.325800
0.314052 0.336829 0.384853
0.429740 0.921896 0.285948
0.312088 0.235248 0.166215
0.268226 0.491745 0.107572
0.269306 0.541019 0.381364
0.347664 0.718539 0.257595
0.157957 0.530682 0.447489
0.465974 0.193037 0.220325
0.172765 0.757254 0.385085
0.141075 0.772019 0.133927
0.340839 0.440156 0.320568
0.463051 0.244291 0.206540
0.456592 0.232607 0.277137
0.260876 0.694062 0.141499
0.427677 0.977494 0.259347
0.287389 0.611583 0.192565
0.395229 0.431714 0.228746
0.339217 0.832872 0.276937
0.252058 0.350075 0.431676
0.068377 0.530330 0.148657
0.386848 0.563911 0.266995
0.167515 0.288987 0.431428
0.578513 0.036101 0.078604
0.126749 0.748498 0.104291
0.167086 0.276304 0.377001
0.364329 0.773135 0.152618
0.313832 0.841859 0.184015
0.176594 0.320223 0.424722
0.312127 0.563134 0.302047
0.448893 0.948008 0.277740
0.207501 0.304531 0.019354
0.131296 0.487594 0.080668
0.345834 0.369169 0.330944
0.504409 0.098232 0.268546
0.309875 0.645048 0.288989
0.378527 0.498043 0.142754
0.313289 0.167718 0.266273
0.282542 0.561276 0.189884
0.065021 0.502276 0.337971
0.370669 0.378680 0.093915
0.263090 0.705860 0.362436
0.488117 0.819290 0.172813
0.239840 0.349221 0.058868
0.369128 0.227975 0.092384
0.515522 0.138061 0.310935
0.181665 0.756887 0.118172
0.306552 0.526628 0.417025
0.427655 0.847378 0.145771
0.075505 0.479028 0.191705
0.260777 0.373773 0.034563
0.261519 0.319364 0.058913
0.332811 0.260841 0.136724
0.121076 0.725937 0.128513
0.611638 0.052352 0.127504
0.272214 0.488269 0.086545
0.357145 0.284148 0.135238
0.387012 0.574363 0.166456
0.343918 0.548685 0.119122
0.397280 0.102931 0.187905
0.258023 0.551069 0.398731
0.216358 0.320003 0.049140
0.094380 0.319210 0.057745
0.290221 0.678105 0.110486
0.125342 0.512033 0.426987
0.249352 0.542980 0.436041
0.549675 0.079235 0.170199
0.302920 0.398500 0.294589
0.323722 0.132625 0.214361
0.507047 0.087754 0.292893
0.344082 0.281191 0.292851
0.293122 0.652234 0.200682
0.281048 0.476623 0.187202
0.328363 0.852488 0.265461
0.171347 0.751910 0.422303
0.433156 0.168896 0.121384
0.441070 0.986321 0.184999
0.140580 0.297153 0.040454
0.392694 0.863898 0.292993
0.270179 0.693610 0.103927
0.335828 0.498135 0.360826
0.309256 0.236980 0.251090
0.374179 0.487445 0.299125
0.276558 0.507884 0.061556
0.207141 0.535698 0.452068
0.310207 0.250332 0.229914
0.415466 0.105007 0.181712
0.420254 0.799816 0.291086
0.162640 0.299443 0.020383
0.141383 0.538960 0.393948
0.370692 0.371130 0.124365
0.437633 0.878502 0.292955
0.410300 0.802273 0.146322
0.103849 0.492627 0.316394
0.385699 0.960791 0.181174
0.244333 0.307745 0.387439
0.346365 0.612246 0.130739
0.141434 0.320703 0.407601
0.425612 0.709752 0.201993
0.538547 0.075225 0.292349
0.337052 0.621119 0.354519
0.288209 0.528546 0.271776
0.387356 0.779188 0.148745
0.167064 0.745262 0.099003
0.379624 0.683699 0.225361
0.444330 0.775812 0.277098
0.303905 0.191412 0.204286
0.066235 0.753707 0.206101
0.271794 0.509443 0.433683
0.315419 0.649481 0.389597
0.408332 0.309694 0.199742
0.289399 0.317344 0.394523
0.438046 0.288113 0.252032
0.451519 0.134544 0.233343
0.235898 0.518658 0.050702
0.481299 0.119899 0.148042
0.316421 0.861912 0.247216
0.291927 0.669410 0.169431
0.424404 0.727434 0.257389
0.461735 0.211275 0.170410
0.377146 0.332636 0.183285
0.368506 0.806568 0.288700
0.314026 0.611053 0.344345
0.556428 0.067079 0.349562
0.078131 0.535926 0.170757
0.333566 0.265592 0.296732
0.287274 0.606342 0.240051
0.174298 0.497328 0.055705
0.399466 0.184242 0.092077
0.093970 0.499735 0.080742
0.487704 0.144878 0.300544
0.295997 0.635396 0.367526
0.421390 0.295435 0.274035
0.565338 0.060003 0.304788
0.388918 0.098968 0.220430
0.105041 0.747558 0.374351
0.428125 0.199917 0.105243
0.476136 0.964418 0.173112
0.237674 0.546436 0.397749
0.401566 0.224577 0.345945
0.099542 0.269716 0.345338
0.150572 0.483953 0.412707
0.050564 0.725287 0.157731
0.280925 0.454666 0.239852
0.182518 0.708318 0.389425
0.304930 0.307261 0.214882
0.391005 0.400202 0.213991
0.341849 0.209209 0.105256
0.341143 0.541520 0.359196
0.267873 0.651492 0.163335
0.394115 0.555901 0.190878
0.360734 0.823644 0.149907
0.388552 0.623459 0.209447
0.306485 0.784029 0.187587
0.281272 0.676622 0.413031
0.273358 0.340162 0.016598
0.115826 0.286121 0.401912
0.321171 0.374274 0.131413
0.339378 0.790219 0.158678
0.519643 0.928599 0.200157
0.134685 0.729941 0.344808
0.387154 0.888294 0.288792
0.104804 0.737218 0.339746
0.324723 0.660984 0.135791
0.288198 0.379804 0.201015
0.298027 0.499664 0.399428
0.459277 0.161443 0.236973
0.209291 0.535253 0.098923
0.104713 0.269649 0.378135
0.131648 0.754620 0.366564
0.504087 0.964977 0.199607
0.317826 0.681143 0.265448
0.399624 0.164160 0.100168
0.304735 0.182021 0.226690
0.232463 0.333868 0.437316
0.248810 0.491285 0.074398
0.382761 0.390252 0.124839
0.281921 0.415146 0.209431
0.288930 0.516242 0.366108
0.437200 0.284362 0.172224
0.628924 0.052431 0.089675
0.234196 0.492740 0.063485
0.418076 0.258316 0.114671
0.301019 0.447487 0.291676
0.290420 0.602123 0.258956
0.150153 0.328632 0.381073
0.406265 0.703726 0.240763
0.209331 0.305911 0.391030
0.306202 0.213592 0.251715
0.184936 0.340962 0.001857
0.356081 0.378342 0.368394
0.339117 0.911139 0.187740
0.446604 0.215636 0.128940
0.461424 0.245009 0.246009
0.272318 0.709061 0.414389
0.111024 0.297997 0.027492
0.103870 0.474928 0.366414
0.115713 0.512402 0.328038
0.309512 0.166348 0.200534
0.344715 0.653383 0.335419
0.125451 0.702384 0.396830
0.290032 0.502038 0.072830
0.511602 0.903723 0.254988
0.540276 0.130109 0.278906
0.387887 0.367186 0.225513
0.136274 0.267077 0.388897
0.024345 0.734849 0.186198
0.313526 0.727546 0.210046
0.332003 0.746079 0.172503
0.164077 0.714928 0.367086
0.330935 0.357485 0.356964
0.319900 0.693428 0.180335
0.121326 0.309941 0.007982
0.436374 0.996405 0.202220
0.342320 0.141257 0.137023
0.324599 0.373731 0.049257
0.368066 0.462748 0.300470
0.407636 0.729274 0.266445
0.488504 0.122088 0.251736
0.490454 0.094879 0.280928
0.429046 0.815221 0.146737
0.461191 0.757102 0.253219
0.233881 0.529084 0.450344
0.434458 0.276539 0.151746
0.285710 0.462932 0.264478
0.349775 0.495246 0.118685
0.128009 0.496594 0.064818
0.346274 0.546251 0.322504
0.106095 0.320972 0.006602
0.217428 0.710407 0.378442
0.341089 0.358048 0.380896
0.021182 0.708385 0.249803
0.279673 0.447320 0.208729
0.071767 0.280251 0.361445
0.426064 0.110455 0.280896
0.414352 0.882198 0.293600
0.551710 0.130189 0.297738
0.273685 0.374174 0.402361
0.407637 0.749096 0.158864
0.303215 0.368095 0.276460
0.231342 0.684505 0.095144
0.366676 0.589373 0.136951
0.449656 0.740253 0.185551
0.130346 0.308434 0.344100
0.141170 0.523808 0.114128
0.232098 0.352739 0.013658
0.102394 0.529975 0.174695
0.144248 0.510285 0.053823
0.128168 0.494821 0.106815
0.262377 0.322051 0.021314
0.374186 0.295850 0.141580
0.099775 0.483528 0.147077
0.349115 0.109980 0.219881
0.115026 0.265479 0.358940
0.330834 0.365794 0.410136
0.216911 0.735073 0.134512
0.341926 0.406859 0.374371
0.571989 0.076512 0.294675
0.208248 0.686854 0.100542
0.222485 0.338614 0.394275
0.113821 0.498031 0.160743
0.509754 0.074160 0.184908
0.137250 0.279352 0.350891
0.312201 0.335300 0.078994
0.328140 0.214493 0.122039
0.182129 0.493564 0.440872
0.383980 0.312115 0.174907
0.300093 0.542590 0.366964
0.354157 0.371939 0.347353
0.223318 0.750041 0.413660
0.451549 0.267966 0.182326
0.046567 0.511812 0.214136
0.458353 0.156848 0.192394
0.324661 0.237939 0.303188
0.193745 0.757924 0.402818
0.214185 0.287022 0.403377
0.431544 0.962377 0.270828
0.284053 0.335685 0.082561
0.250135 0.679696 0.365600
0.621132 0.069065 0.357794
0.392371 0.203993 0.349677
0.297198 0.791488 0.226200
0.398958 0.489085 0.211481
0.149590 0.533005 0.059420
0.228880 0.538058 0.059278
0.298155 0.387490 0.386600
0.066929 0.752992 0.142328
0.348390 0.495827 0.328769
0.501242 0.852381 0.261000
0.386376 0.397402 0.171419
0.636375 0.007971 0.091272
0.378808 0.106877 0.265205
0.121909 0.767967 0.114432
0.451846 0.097870 0.198028
0.076015 0.519248 0.243630
0.485733 0.113048 0.194582
0.339762 0.871472 0.270376
0.265341 0.726874 0.388588
0.237169 0.730154 0.427233
0.592355 0.010288 0.084415
0.386035 0.284647 0.124981
0.381545 0.539873 0.148253
0.321495 0.785179 0.170414
0.275350 0.672928 0.100278
0.224634 0.683323 0.395660
0.199316 0.538574 0.057835
0.313412 0.685003 0.379311
0.070665 0.315440 0.047597
0.391487 0.590896 0.217935
0.521893 0.090403 0.322109
0.285817 0.473864 0.167811
0.385174 0.641798 0.233774
0.488272 0.069586 0.145566
0.477768 0.134824 0.175821
0.377011 0.432304 0.139830
0.347131 0.857106 0.158026
0.347455 0.154012 0.120261
0.414274 0.113060 0.158710
0.367312 0.625895 0.299051
0.404093 0.303378 0.275269
0.170260 0.512347 0.391902
0.381239 0.382573 0.158983
0.299507 0.600986 0.284992
0.257609 0.659489 0.394038
0.258654 0.492344 0.418777
0.198092 0.703277 0.415800
0.364992 0.944658 0.185294
0.247279 0.680827 0.418095
0.393041 0.699158 0.197768
0.118160 0.525971 0.343581
0.317145 0.398352 0.081990
0.187635 0.303086 0.015535
0.280727 0.653851 0.357563
0.366194 0.888551 0.281632
0.306447 0.547174 0.116226
0.230290 0.359215 0.035251
0.158071 0.507585 0.112984
0.348534 0.331735 0.152070
0.434497 0.259414 0.132616
0.196353 0.278729 0.427496
0.517583 0.853689 0.206089
0.268733 0.538668 0.106757
0.500665 0.923235 0.173171
0.336503 0.410615 0.099374
0.429979 0.230937 0.324332
0.184364 0.490382 0.096654
0.520631 0.924874 0.236107
0.280907 0.519404 0.242363
0.101876 0.323179 0.350682
0.524997 0.894749 0.216543
0.255726 0.498443 0.392653
0.404846 0.960558 0.170339
0.445979 0.205565 0.307684
0.220747 0.326978 0.002443
0.381081 0.166653 0.339985
0.096190 0.320488 0.372413
0.361553 0.124196 0.295698
0.334707 0.279785 0.158052
0.385766 0.371353 0.185207
0.384564 0.397816 0.145513
0.370533 0.276226 0.319660
0.323405 0.288184 0.181219
0.429566 0.138236 0.137723
0.488240 0.106259 0.261103
0.109239 0.489235 0.126056
0.291354 0.488122 0.281932
0.349225 0.692692 0.174587
0.376372 0.365006 0.161565
0.459495 0.123190 0.204002
0.054073 0.695001 0.196762
0.556297 0.083620 0.286062
0.100049 0.764160 0.119960
0.189027 0.728363 0.379802
0.557305 0.033560 0.127391
0.286687 0.419796 0.176343
0.164269 0.710122 0.146682
0.354221 0.897880 0.164493
0.328406 0.155338 0.294138
0.239581 0.673433 0.141118
0.305803 0.225779 0.191223
0.388586 0.590946 0.248836
0.207888 0.716653 0.150252
0.219650 0.683639 0.137407
0.409935 0.262810 0.326642
0.397502 0.456728 0.205549
0.609717 0.028332 0.332198
0.443452 0.266785 0.282424
0.592266 0.059414 0.379318
0.358251 0.943121 0.245376
0.096463 0.729163 0.135629
0.476321 0.153635 0.256890
0.444090 0.720775 0.211344
0.483405 0.068217 0.177585
0.459149 0.174503 0.180834
0.365152 0.247876 0.335868
0.447432 0.255358 0.150929
0.315130 0.509172 0.403078
0.362210 0.930356 0.260767
0.185912 0.273628 0.410770
0.576395 0.041085 0.144022
0.279937 0.546424 0.226326
0.381219 0.625804 0.264339
0.153234 0.340471 0.002673
0.313559 0.863466 0.196174
0.240576 0.530936 0.385655
0.095181 0.505785 0.389812
0.291900 0.421085 0.273300
0.089622 0.763799 0.182310
0.414615 0.947774 0.276209
0.595900 0.094418 0.339425
0.332785 0.344083 0.143003
0.072197 0.722873 0.327634
0.512990 0.113659 0.151917
0.374563 0.686288 0.197966
0.429625 0.114843 0.227936
0.403287 0.123951 0.299606
0.396806 0.263127 0.106601
0.598798 0.074020 0.118661
0.475994 0.918892 0.277976
0.529322 0.117772 0.328872
0.308015 0.763281 0.246263
0.362473 0.797349 0.149913
0.404755 0.102287 0.207738
0.346553 0.119327 0.264686
0.285255 0.495980 0.264871
0.542835 0.097313 0.125469
0.010631 0.726485 0.237124
0.010416 0.731474 0.213217
0.562910 0.092256 0.143873
0.457365 0.248561 0.173054
0.087446 0.718424 0.151615
0.349665 0.941384 0.215110
0.279686 0.531076 0.203358
0.477453 0.931671 0.160874
0.385890 0.402326 0.261549
0.130060 0.357611 0.025059
0.561158 0.098065 0.343828
0.457393 0.930191 0.281361
0.327478 0.667231 0.349938
0.049283 0.705912 0.232914
0.489083 0.811819 0.259563
0.315191 0.148895 0.231596
0.337339 0.361063 0.128308
0.331600 0.555596 0.315388
0.213647 0.346804 0.007237
0.006200 0.709514 0.208312
0.147679 0.739005 0.099084
0.159524 0.306365 0.361790
0.378177 0.632772 0.165490
0.092749 0.715697 0.170470
0.340046 0.354612 0.069900
0.320493 0.263780 0.267789
0.185164 0.325537 0.407282
0.364425 0.631957 0.146992
0.294660 0.383525 0.265958
0.358601 0.297052 0.285567
0.301660 0.693147 0.366777
0.562621 0.031392 0.102554
0.632617 0.019939 0.372509
0.303222 0.317789 0.240668
0.346480 0.645643 0.139894
0.398504 0.311381 0.246040
0.457838 0.117468 0.302086
0.323962 0.356162 0.294047
0.251413 0.361712 0.417090
0.309959 0.397958 0.137662
0.153789 0.701882 0.401699
0.103502 0.729804 0.393723
0.279945 0.511767 0.196000
0.084150 0.477241 0.323774
0.287775 0.378495 0.224045
0.294193 0.349179 0.245555
0.488970 0.124692 0.311458
0.395962 0.470531 0.189884
0.366223 0.660034 0.273408
0.389043 0.385392 0.234014
0.296552 0.329465 0.206819
0.184604 0.356892 0.019308
0.375528 0.519742 0.296527
0.531934 0.059450 0.170293
0.286932 0.399488 0.186302
0.316470 0.199357 0.293175
0.461865 0.738320 0.222984
0.094208 0.293569 0.386377
0.092474 0.349854 0.038529
0.300601 0.767355 0.204044
0.289621 0.659568 0.107294
0.463437 0.182129 0.201464
0.351177 0.673569 0.158695
0.452032 0.259473 0.267927
0.431408 0.236200 0.114120
0.411241 0.300500 0.161660
0.469538 0.986864 0.244171
0.358130 0.444564 0.123025
0.312500 0.816828 0.180083
0.308240 0.381895 0.334975
0.287488 0.616837 0.217653
0.085405 0.494317 0.374940
0.304925 0.500493 0.346887
0.357841 0.582362 0.307207
0.370255 0.109515 0.167110
0.284614 0.358013 0.370716
0.286270 0.450093 0.169304
0.208909 0.494631 0.412509
0.283967 0.497688 0.141061
0.255515 0.646307 0.133609
0.389989 0.487224 0.266951
0.368466 0.529989 0.131660
0.348339 0.474948 0.119985
0.388822 0.922101 0.156819
0.478333 0.834843 0.160369
0.317613 0.714201 0.233294
0.449399 0.085236 0.177488
0.102468 0.695400 0.341541
0.075293 0.503921 0.313973
0.336761 0.691283 0.267103
0.391574 0.765886 0.284959
0.237071 0.693736 0.369508
0.095448 0.501904 0.221615
0.305415 0.675609 0.182469
0.109145 0.499146 0.404910
0.615750 0.011796 0.350957
0.318259 0.358127 0.105319
0.317168 0.706358 0.199387
0.498619 0.797340 0.222289
0.380215 0.536552 0.286307
0.078479 0.709932 0.197510
0.322583 0.354436 0.048394
0.595741 0.015929 0.348638
0.332279 0.785735 0.273650
0.299370 0.768242 0.228434
0.370090 0.563700 0.296930
0.287337 0.544590 0.113351
0.327365 0.346480 0.394073
0.230911 0.295660 0.434824
0.624916 0.041646 0.384592
0.358991 0.849606 0.284851
0.304374 0.380388 0.044594
0.610529 0.007139 0.109061
0.321674 0.147192 0.170808
0.384467 0.253934 0.337826
0.251680 0.296533 0.419026
0.156921 0.714470 0.101546
0.452427 0.794680 0.280118
0.327119 0.219460 0.313516
0.140359 0.726117 0.151521
0.351268 0.427720 0.114045
0.286690 0.634906 0.116283
0.331755 0.649023 0.374499
0.290627 0.356785 0.224462
0.332308 0.178016 0.314883
0.567489 0.043431 0.350744
0.339031 0.872209 0.167382
0.279513 0.690949 0.140608
0.391795 0.452644 0.177089
0.119252 0.326206 0.363325
0.464540 0.815247 0.279976
0.383758 0.651156 0.209068
0.334293 0.539616 0.379333
0.049751 0.508514 0.177497
0.133928 0.717849 0.412338
0.404956 0.979760 0.187370
0.318582 0.438915 0.315142
0.371840 0.481346 0.135110
0.201933 0.532557 0.405868
0.463386 0.161169 0.287252
0.143871 0.543697 0.086874
0.083879 0.482959 0.212689
0.292860 0.364676 0.183518
0.407826 0.892565 0.146913
0.587520 0.057286 0.145495
0.396023 0.232774 0.092493
0.266753 0.691965 0.420935
0.282130 0.621167 0.164659
0.470939 0.979566 0.182852
0.381509 0.459625 0.284589
0.459116 0.900435 0.286201
0.497253 0.912133 0.267354
0.364337 0.118510 0.150423
0.285590 0.620970 0.134594
0.417563 0.996051 0.215390
0.299260 0.691458 0.399021
0.174728 0.303411 0.372732
0.385553 0.325310 0.215604
0.318721 0.626939 0.125366
0.441007 0.729344 0.246119
0.410032 0.143765 0.317594
0.069192 0.313500 0.339827
0.107325 0.476332 0.335197
0.571640 0.062307 0.087445
0.285677 0.503910 0.383640
0.436338 0.850782 0.293662
0.093617 0.731425 0.195090
0.518083 0.887801 0.191961
0.361900 0.106791 0.189849
0.119621 0.511290 0.139350
0.624383 0.004100 0.067821
0.053399 0.488399 0.208201
0.359335 0.636251 0.313518
0.337754 0.359142 0.108486
0.480498 0.883558 0.279728
0.394816 0.572124 0.216459
0.144233 0.537319 0.430709
0.159558 0.302835 0.047076
0.494082 0.105159 0.308258
0.451794 0.229502 0.143443
0.325525 0.757179 0.262687
0.428633 0.153152 0.311013
0.285192 0.709198 0.377779
0.300259 0.820069 0.206073
0.300041 0.450563 0.143646
0.607532 0.033754 0.130574
0.408080 0.987256 0.239003
0.066864 0.514752 0.114890
0.311244 0.171860 0.177512
0.389328 0.508182 0.163018
0.399816 0.171400 0.339788
0.202213 0.545637 0.422757
0.413555 0.905487 0.289655
0.135332 0.483380 0.363823
0.323655 0.660789 0.321724
0.285654 0.500210 0.162752
0.142040 0.701248 0.363176
0.224828 0.514756 0.390568
0.146023 0.505950 0.443021
0.395524 0.517818 0.184940
0.450135 0.804071 0.153033
0.141799 0.754304 0.153409
0.108200 0.353737 0.030000
0.569796 0.073399 0.362560
0.137877 0.714802 0.120064
0.306114 0.668866 0.401715
0.490250 0.793951 0.245920
0.268190 0.505062 0.123435
0.609700 0.047765 0.067062
0.438881 0.815082 0.289999
0.332199 0.486934 0.112513
0.100718 0.487127 0.182451
0.186503 0.326932 0.054764
0.422624 0.763053 0.280496
0.182130 0.695022 0.138684
0.449171 0.278282 0.210815
0.330169 0.442952 0.119691
0.450790 0.105106 0.261785
0.329979 0.290185 0.262801
0.373145 0.162795 0.099762
0.098019 0.514526 0.319408
0.374722 0.294334 0.300322
0.379223 0.574349 0.149448
0.346731 0.675968 0.278743
0.301786 0.206689 0.220998
0.470501 0.099208 0.272664
0.380143 0.369164 0.266270
0.552901 0.086286 0.112601
0.354832 0.510050 0.339438
0.315734 0.277581 0.231521
0.433500 0.294038 0.189626
0.581736 0.029309 0.339285
0.164725 0.359132 0.028115
0.484761 0.948145 0.169639
0.281989 0.538864 0.247058
0.223089 0.491595 0.429425
0.266782 0.303893 0.402780
0.162286 0.333982 0.057971
0.071747 0.490751 0.126488
0.454423 0.931791 0.154054
0.440405 0.998727 0.226628
0.554261 0.049155 0.154309
0.313052 0.500249 0.376974
0.296853 0.635979 0.260654
0.221972 0.535866 0.396303
0.302144 0.668149 0.249020
0.239608 0.294831 0.400599
0.390496 0.939456 0.163498
0.382229 0.592264 0.272829
0.376193 0.867964 0.148899
0.508346 0.864753 0.182117
0.037287 0.706147 0.178723
0.309243 0.788569 0.253812
0.083785 0.706875 0.324732
0.370434 0.649668 0.161784
0.062649 0.528890 0.226707
0.016827 0.691290 0.212949
0.378555 0.667142 0.201136
0.072634 0.484448 0.233495
0.062249 0.703911 0.216300
0.193590 0.736861 0.147722
0.146468 0.486923 0.069708
0.076323 0.730707 0.369299
0.349628 0.571882 0.123516
0.519204 0.111042 0.263381
0.264722 0.541411 0.084417
0.579378 0.015587 0.101091
0.493614 0.868759 0.271162
0.483902 0.770709 0.209805
0.434419 0.295853 0.232215
0.305706 0.207589 0.184682
0.534492 0.065621 0.112540
0.313870 0.491675 0.098853
0.080349 0.518788 0.327615
0.405138 0.721582 0.175281
0.493453 0.961738 0.182789
0.638710 0.029423 0.100147
0.278405 0.518551 0.136662
0.280937 0.565561 0.227748
0.145525 0.277718 0.413051
0.238989 0.537949 0.087321
0.334342 0.892516 0.181032
0.389541 0.608814 0.223149
0.279388 0.494747 0.202842
0.545215 0.110408 0.335881
0.346230 0.119484 0.172758
0.306065 0.375231 0.149151
0.397841 0.107766 0.168986
0.360588 0.384934 0.314663
0.547884 0.045915 0.110126
0.046595 0.742814 0.224603
0.126611 0.538348 0.096633
0.432631 0.772473 0.156396
0.283751 0.355766 0.021449
0.463269 0.226842 0.181560
0.463738 0.873551 0.150505
0.391112 0.587525 0.194553
0.366292 0.102853 0.228054
0.186283 0.515387 0.109071
0.378381 0.648160 0.258068
0.300025 0.424200 0.290052
0.364215 0.956553 0.204136
0.303979 0.317448 0.188949
0.073329 0.301187 0.369677
0.369243 0.673080 0.257645
0.060898 0.488949 0.167628
0.365733 0.407213 0.098818
0.255651 0.661545 0.103256
0.535542 0.048345 0.130789
0.393550 0.556360 0.243953
0.327395 0.464358 0.313360
0.352237 0.238886 0.102978
0.380919 0.517770 0.146350
0.450775 0.138384 0.213426
0.293042 0.601785 0.156420
0.447619 0.184895 0.135093
0.281088 0.489135 0.124463
0.382906 0.461566 0.150292
0.383483 0.977011 0.216782
0.572014 0.081687 0.105390
0.304964 0.224884 0.235674
0.385058 0.357162 0.199097
0.319378 0.384166 0.111570
0.318467 0.602097 0.131329
0.288055 0.409891 0.259183
0.385454 0.752620 0.155614
0.069217 0.768409 0.157014
0.215113 0.490179 0.068258
0.298398 0.416991 0.149194
0.351037 0.264889 0.317177
0.069573 0.712395 0.157763
0.183044 0.717294 0.153139
0.453787 0.193754 0.289698
0.109524 0.692406 0.377394
0.190127 0.302019 0.439904
0.389091 0.399592 0.192501
0.396624 0.522461 0.240374
0.411200 0.309277 0.232478
0.283088 0.558295 0.248661
0.238166 0.724853 0.123440
0.511854 0.132916 0.261238
0.205593 0.737673 0.102736
0.322138 0.239150 0.139477
0.389425 0.432007 0.259905
0.170045 0.482612 0.083753
0.365064 0.393561 0.330823
0.367768 0.849142 0.148905
0.626710 0.055737 0.371745
0.053432 0.495551 0.240121
0.346454 0.171124 0.109815
0.419621 0.220581 0.335546
0.311775 0.337341 0.273326
0.466190 0.862218 0.285978
0.498977 0.152289 0.285729
0.437449 0.096893 0.163604
0.226651 0.671770 0.113711
0.547777 0.064381 0.309546
0.432589 0.175746 0.318657
0.102197 0.532618 0.367942
0.442036 0.117147 0.242575
0.370517 0.345391 0.271933
0.050258 0.746283 0.158785
0.193048 0.736889 0.435721
0.326525 0.593433 0.323375
0.126582 0.538886 0.075004
0.237257 0.553040 0.416016
0.487067 0.984232 0.234431
0.428811 0.712929 0.237755
0.423553 0.745467 0.271343
0.421328 0.303455 0.246617
0.299974 0.512261 0.318431
0.292907 0.393754 0.166867
0.334756 0.511542 0.108901
0.244191 0.670168 0.385046
0.453088 0.149189 0.298925
0.438406 0.751260 0.168389
0.153345 0.284798 0.359296
0.471235 0.850600 0.154350
0.131912 0.539225 0.410570
0.520519 0.909861 0.197676
0.512249 0.945279 0.194412
0.454931 0.089881 0.152638
0.484512 0.788248 0.186446
0.337246 0.813617 0.277057
0.373807 0.141450 0.116270
0.391014 0.720365 0.263807
0.339469 0.155305 0.311175
0.506114 0.931434 0.256111
0.589175 0.039406 0.319079
0.502382 0.812060 0.237905
0.380802 0.341379 0.241691
0.199603 0.507397 0.403321
0.612561 0.000323 0.084636
0.290764 0.549328 0.383151
0.462615 0.247170 0.225582
0.205866 0.741023 0.385729
0.131606 0.506636 0.341107
0.352900 0.918893 0.176782
0.242879 0.719922 0.106338
0.323332 0.804436 0.268015
0.309765 0.220281 0.269757
0.106310 0.333513 0.059273
0.517019 0.071442 0.121853
0.346329 0.325970 0.281180
0.190116 0.695042 0.098936
0.245300 0.699732 0.093710
0.353619 0.529556 0.344174
0.259441 0.499155 0.059803
0.627443 0.017899 0.109729
0.297765 0.647067 0.394032
0.436032 0.727302 0.186453
0.123699 0.743299 0.401745
0.015339 0.690334 0.233159
0.109086 0.535732 0.082842
0.380228 0.649879 0.183755
0.296143 0.322612 0.414537
0.179169 0.530988 0.409618
0.327742 0.734699 0.252727
0.294299 0.654764 0.232059
0.377673 0.249000 0.097452
0.301880 0.619896 0.315939
0.367733 0.544561 0.301808
0.399834 0.864286 0.146230
0.333416 0.235416 0.119608
0.495849 0.149529 0.266005
0.348372 0.175725 0.330852
0.590830 0.068239 0.305759
0.394703 0.150146 0.329060
0.322114 0.308497 0.169427
0.397454 0.494468 0.237477
0.534890 0.090163 0.276212
0.176481 0.508991 0.457494
0.495037 0.119715 0.178016
0.495124 0.793571 0.203065
0.564663 0.105969 0.286177
0.290240 0.671279 0.347917
0.138137 0.696088 0.382920
0.352588 0.138454 0.308132
0.284322 0.582216 0.243623
0.206964 0.332927 0.409748
0.322713 0.328461 0.155262
0.379731 0.970859 0.234077
0.389105 0.911096 0.283629
0.376390 0.320781 0.253705
0.307609 0.189228 0.182702
0.457656 0.214101 0.279439
0.395648 0.694863 0.217693
0.340288 0.310373 0.272229
0.309121 0.623497 0.356857
0.320603 0.881870 0.196531
0.452935 0.964909 0.167488
0.499625 0.088493 0.191044
0.309722 0.167767 0.244208
0.306548 0.195271 0.252710
0.163592 0.699332 0.130508
0.326713 0.428171 0.334293
0.615454 0.078486 0.340597
0.407153 0.280795 0.126883
0.276092 0.329090 0.376045
0.374554 0.605082 0.286819
0.417244 0.107696 0.240020
0.478442 0.850056 0.278943
0.309955 0.338948 0.416831
0.304042 0.654995 0.264579
0.045753 0.755644 0.200983
0.149005 0.500035 0.365748
0.281127 0.435387 0.236448
0.308945 0.368541 0.350053
0.346545 0.396007 0.073718
0.415323 0.780270 0.287371
0.360031 0.611144 0.314333
0.311735 0.677975 0.163999
0.360831 0.350216 0.149955
0.356239 0.361231 0.100256
0.269287 0.632389 0.147640
0.455828 0.912488 0.150512
0.249380 0.516680 0.445759
0.306930 0.852381 0.227623
0.282526 0.540024 0.182471
0.213987 0.520122 0.049443
0.247232 0.358668 0.393201
0.531769 0.048292 0.148900
0.231443 0.524004 0.099467
0.372970 0.193827 0.347092
0.329818 0.488591 0.329490
0.416030 0.178508 0.335107
0.094039 0.531013 0.190997
0.438699 0.192057 0.118604
0.313029 0.450614 0.129460
0.631392 0.051875 0.349436
0.074276 0.692169 0.346989
0.204665 0.702626 0.391258
0.322456 0.155323 0.154286
0.538124 0.135467 0.313264
0.289291 0.590008 0.171926
0.245990 0.321856 0.440030
0.235474 0.490595 0.412768
0.288908 0.503341 0.418550
0.084725 0.524402 0.350233
0.168097 0.541949 0.423150
0.532571 0.108712 0.144219
0.290125 0.556502 0.271142
0.249604 0.718120 0.371030
0.431964 0.104903 0.199855
0.380153 0.100846 0.194432
0.391575 0.414604 0.240072
0.397687 0.211786 0.088961
0.325931 0.837162 0.169347
0.137863 0.300784 0.016840
0.095429 0.774304 0.140583
0.281400 0.458359 0.187909
0.342902 0.256656 0.120518
0.384027 0.895295 0.150931
0.184268 0.495388 0.416690
0.317358 0.259415 0.174386
0.450397 0.168129 0.150797
0.298235 0.810273 0.221417
0.414604 0.107142 0.261934
0.503050 0.882574 0.172652
0.127501 0.485392 0.409777
0.625022 0.038473 0.117263
0.160842 0.491910 0.433100
0.148597 0.316855 0.003665
0.290331 0.432370 0.162006
0.110040 0.501400 0.068918
0.225301 0.723048 0.096729
0.330126 0.190202 0.120677
0.432890 0.920046 0.149425
0.641903 0.030098 0.077741
0.312062 0.545650 0.313959
0.519672 0.103038 0.131934
0.134962 0.535686 0.375368
0.330852 0.892204 0.251551
0.390266 0.453865 0.262764
0.313427 0.196101 0.154498
0.358200 0.783587 0.283666
0.321152 0.737914 0.185668
0.330134 0.576126 0.123672
0.369125 0.827958 0.289564
0.310043 0.216259 0.167049
0.307551 0.361563 0.036287
0.312130 0.814619 0.256564
0.329672 0.126747 0.236616
0.635954 0.027571 0.356043
0.225106 0.692449 0.422139
0.427518 0.707281 0.220410
0.234591 0.310567 0.033141
0.217681 0.338770 0.424191
0.576581 0.085735 0.128469
0.227509 0.492213 0.088051
0.459822 0.130768 0.148986
0.134053 0.336088 0.003102
0.461334 0.757208 0.182011
0.296443 0.372539 0.167022
0.463891 0.196475 0.248362
0.361171 0.420867 0.321889
0.169552 0.741134 0.368104
0.088277 0.694832 0.371916
0.341322 0.573060 0.312967
0.351194 0.766741 0.279100
0.313317 0.521140 0.090338
0.527458 0.098107 0.177697
0.259301 0.708480 0.118782
0.374416 0.413904 0.117016
0.036842 0.723282 0.170401
0.321098 0.834606 0.262830
0.479236 0.102375 0.295363
0.568683 0.116610 0.305713
0.415976 0.160289 0.326357
0.307568 0.346274 0.096196
0.279140 0.475179 0.214902
0.102651 0.536898 0.100249
0.113767 0.489024 0.095026
0.314967 0.758410 0.181686
0.191568 0.304605 0.042538
0.087662 0.536573 0.148768
0.018450 0.710473 0.191515
0.466875 0.217338 0.214561
0.398678 0.789261 0.290562
0.594416 0.031597 0.066167
0.343069 0.128210 0.281482
0.342044 0.244708 0.322338
0.270140 0.492587 0.404167
0.319832 0.652513 0.303087
0.471918 0.991093 0.198222
0.096228 0.710529 0.388725
0.287782 0.482928 0.105010
0.081581 0.514685 0.365844
0.597669 0.091331 0.318835
0.057086 0.727306 0.229559
0.218131 0.347349 0.044297
0.402078 0.296513 0.293768
0.318708 0.379505 0.411841
0.321387 0.422649 0.123214
0.070617 0.483788 0.336873
0.231639 0.723703 0.375775
0.537510 0.080121 0.329772
0.301609 0.586732 0.145229
0.278024 0.383200 0.048417
0.597008 0.032994 0.383223
0.288648 0.383190 0.244643
0.078565 0.307101 0.324930
0.359477 0.742622 0.161917
0.323334 0.149200 0.273037
0.311109 0.673267 0.133403
0.173020 0.759943 0.405891
0.298238 0.382574 0.367323
0.304318 0.229446 0.217840
0.441438 0.860402 0.146650
0.616939 0.061723 0.111322
0.467391 0.077143 0.157162
0.387995 0.115698 0.149385
0.472317 0.131886 0.247803
0.440260 0.241991 0.308280
0.142579 0.319319 0.359789
0.426507 0.132369 0.301476
0.284292 0.597452 0.224050
0.458258 0.824435 0.152061
0.421464 0.304654 0.211877
0.438841 0.119732 0.296707
0.389919 0.964199 0.255265
0.486026 0.830669 0.269696
0.310850 0.249654 0.194879
0.271612 0.676446 0.354401
0.084426 0.736700 0.337892
0.305742 0.690265 0.210931
0.455972 0.769850 0.168974
0.344406 0.299400 0.162147
0.117040 0.524445 0.065164
0.501811 0.841834 0.180590
0.160889 0.542493 0.094436
0.185984 0.542363 0.093571
0.325357 0.898869 0.228593
0.325181 0.364629 0.338420
0.475466 0.759304 0.232129
0.504754 0.955451 0.245753
0.057310 0.291199 0.348112
0.391830 0.543749 0.176505
0.466196 0.200475 0.202243
0.361324 0.508009 0.320942
0.438475 0.756418 0.270774
0.288872 0.634761 0.192124
0.434225 0.790177 0.151445
0.516249 0.844008 0.224123
0.182711 0.318029 0.389741
0.146998 0.302343 0.421459
0.482051 0.156890 0.277484
0.514290 0.052986 0.144052
0.200201 0.747460 0.119587
0.404757 0.922596 0.284093
0.499358 0.095216 0.133277
0.302590 0.647186 0.114124
0.230460 0.715434 0.141260
0.262809 0.345974 0.375278
0.308109 0.342376 0.160178
0.241226 0.316116 0.014491
0.344049 0.380037 0.063448
0.385474 0.116916 0.290551
0.361844 0.155246 0.328069
0.317845 0.536506 0.104901
0.083230 0.513897 0.086204
0.309858 0.838799 0.246625
0.193136 0.518838 0.049319
0.316230 0.149248 0.196636
0.253170 0.339704 0.008675
0.032374 0.688697 0.222716
0.428381 0.257458 0.314720
0.306395 0.503252 0.085247
0.319832 0.582554 0.309974
0.463024 0.193085 0.183578
0.391500 0.145351 0.111113
0.391305 0.469890 0.170852
0.392028 0.538830 0.256413
0.318306 0.210332 0.140419
0.323770 0.341727 0.065688
0.184385 0.545241 0.069420
0.385148 0.443250 0.156942
0.510317 0.828676 0.232409
0.456893 0.261830 0.238197
0.355275 0.189141 0.097741
0.554797 0.060180 0.097457
0.315445 0.359741 0.420120
0.457557 0.155588 0.171047
0.411983 0.281428 0.308469
0.099868 0.716518 0.328782
0.287354 0.652192 0.179501
0.122777 0.482842 0.343045
0.342606 0.416959 0.358560
0.207101 0.722804 0.434883
0.329022 0.673939 0.152043
0.291756 0.351305 0.204896
0.392674 0.428986 0.193099
0.074286 0.531883 0.129861
0.033069 0.693241 0.197491
0.349329 0.891749 0.270841
0.397924 0.462893 0.227099
0.511506 0.875638 0.253625
0.429627 0.206129 0.327080
0.462740 0.216288 0.260451
0.356411 0.443118 0.311095
0.089522 0.342508 0.017909
0.387704 0.610595 0.184688
0.388589 0.509760 0.270572
0.459622 0.833201 0.286075
0.332641 0.912971 0.205403
0.075459 0.536126 0.190494
0.363136 0.219630 0.344411
0.063700 0.296442 0.326120
0.565598 0.047057 0.323343
0.167034 0.527378 0.109057
0.351568 0.735047 0.267787
0.416542 0.241974 0.102979
0.360454 0.909658 0.271031
0.189262 0.523812 0.458177
0.301831 0.800076 0.194998
0.231642 0.547667 0.435784
0.354782 0.879132 0.158189
0.368523 0.312446 0.164756
0.384427 0.419679 0.152272
0.127926 0.327148 0.381300
0.263446 0.522829 0.056262
0.314487 0.357151 0.146026
0.072466 0.733547 0.140220
0.376674 0.702803 0.188249
0.162199 0.516781 0.051021
0.293616 0.353374 0.428601
0.066084 0.702367 0.180904
0.342357 0.356719 0.297865
0.406089 0.307957 0.179251
0.164421 0.327714 0.402592
0.577774 0.090996 0.353529
0.348813 0.929924 0.192081
0.078292 0.480839 0.163198
0.292546 0.323883 0.054434
0.401272 0.765737 0.151841
0.493769 0.981207 0.206272
0.297009 0.521259 0.336488
0.083713 0.338659 0.052182
0.385415 0.630775 0.187001
0.582520 0.022874 0.126295
0.486057 0.900731 0.276273
0.530313 0.142456 0.289862
0.279160 0.715502 0.394469
0.293282 0.642543 0.344686
0.134234 0.522939 0.352902
0.112162 0.534095 0.384532
0.467833 0.805767 0.161416
0.369480 0.869478 0.286520
0.263369 0.671051 0.412758
0.609423 0.053598 0.383663
0.144880 0.756963 0.401475
0.068916 0.737617 0.219992
0.371257 0.638581 0.279563
0.056319 0.761391 0.170838
0.295274 0.539705 0.285398
0.386774 0.130559 0.311712
0.293965 0.367599 0.256652
0.469797 0.951751 0.271624
0.388675 0.380574 0.206090
0.215720 0.356520 0.023224
0.420718 0.152577 0.119480
0.440294 0.153554 0.140682
0.317571 0.241608 0.286103
0.115652 0.776009 0.130123
0.365350 0.675522 0.171564
0.221899 0.699663 0.090415
0.081524 0.316526 0.360213
0.429914 0.972856 0.173701
0.292354 0.549318 0.406479
0.357989 0.371828 0.078370
0.171987 0.702744 0.102683
0.447041 0.281220 0.235993
0.400022 0.808655 0.293542
0.352985 0.110482 0.245723
0.238899 0.341097 0.384768
0.458571 0.893218 0.149677
0.303522 0.747739 0.211565
0.371941 0.910767 0.159493
0.418016 0.874716 0.145637
0.112869 0.340067 0.008021
0.455714 0.186089 0.155773
0.247558 0.537383 0.063066
0.576234 0.074063 0.149592
0.611393 0.019482 0.059045
0.304589 0.844947 0.208847
0.484040 0.972438 0.251482
0.244913 0.366362 0.048012
0.157257 0.767017 0.120804
0.448674 0.982462 0.255362
0.300543 0.351844 0.263749
0.183573 0.542857 0.436300
0.319156 0.878725 0.238665
0.093823 0.772182 0.164985
0.284202 0.328181 0.429440
0.263426 0.552345 0.416751
0.345933 0.932686 0.235384
0.321921 0.256256 0.156475
0.520790 0.936358 0.221522
0.252186 0.712692 0.426116
0.380456 0.735979 0.274574
0.383594 0.479132 0.282468
0.384654 0.361412 0.246641
0.205244 0.334425 0.051501
0.279375 0.512678 0.223653
0.316018 0.475608 0.118207
0.580344 0.032088 0.365504
0.455088 0.208379 0.147823
0.462908 0.166237 0.257360
0.146937 0.487453 0.097039
0.417227 0.169006 0.106995
0.301047 0.345466 0.370029
0.294428 0.360670 0.097101
0.254985 0.514597 0.109723
0.202353 0.491238 0.092635
0.252086 0.326112 0.377915
0.215047 0.740279 0.431144
0.292776 0.523052 0.071640
0.304915 0.585459 0.294167
0.337372 0.724080 0.180730
0.160411 0.528482 0.389792
0.303385 0.567194 0.139546
0.213844 0.544450 0.071086
0.105050 0.745279 0.182253
0.092215 0.744146 0.360707
0.523250 0.876228 0.213531
0.349957 0.369810 0.308300
0.135115 0.267254 0.368288
0.280128 0.554353 0.208163
0.331934 0.807188 0.162024
0.280416 0.373530 0.031942
0.324187 0.556859 0.120031
0.451148 0.785715 0.158938
0.373597 0.265577 0.108277
0.367696 0.102436 0.207929
0.389904 0.272431 0.325993
0.345348 0.771528 0.158047
0.105393 0.533815 0.138335
0.282303 0.582134 0.209058
0.376924 0.832023 0.146822
0.069619 0.764531 0.186706
0.503221 0.830908 0.250892
0.410270 0.203524 0.342657
0.444323 0.172068 0.300903
0.380407 0.663056 0.227148
0.403799 0.913687 0.150433
0.086989 0.306107 0.046007
0.334490 0.705674 0.182136
0.387512 0.317531 0.197145
0.367069 0.506041 0.130406
0.264877 0.659690 0.366132
0.396367 0.101449 0.237822
0.419162 0.288589 0.291951
0.293298 0.463577 0.282937
0.132455 0.728891 0.107495
0.342117 0.226912 0.329069
0.421374 0.221348 0.099733
0.410207 0.709458 0.189873
0.310641 0.421220 0.322844
0.510047 0.833627 0.198445
0.129155 0.304390 0.411548
0.081154 0.715790 0.379415
0.348423 0.520311 0.118064
0.375064 0.200377 0.089228
0.110943 0.504867 0.180732
0.161072 0.760592 0.142936
0.622758 0.042498 0.332517
0.352429 0.624885 0.338600
0.256851 0.361268 0.019382
0.179948 0.706893 0.414015
0.153841 0.716542 0.419149
0.372209 0.930382 0.168617
0.315623 0.306355 0.251569
0.304658 0.399432 0.318746
0.502108 0.887036 0.264792
0.284884 0.588730 0.191936
0.543754 0.100515 0.160559
0.285567 0.401567 0.243020
0.038827 0.749615 0.178635
0.334857 0.347325 0.086695
0.432356 0.992065 0.243713
0.073112 0.339605 0.034738
0.377172 0.180453 0.092386
0.285925 0.535774 0.134525
0.107941 0.528288 0.156805
0.398623 0.108815 0.271316
0.167593 0.270789 0.407684
0.368518 0.457019 0.131733
0.213028 0.289019 0.435766
0.314666 0.395666 0.382744
0.255970 0.729245 0.410496
0.373462 0.442678 0.294921
0.359933 0.643421 0.296412
0.290497 0.483321 0.152066
0.234554 0.498786 0.395305
0.357256 0.256922 0.108965
0.308784 0.328794 0.401036
0.271862 0.632339 0.127871
0.225154 0.717185 0.435197
0.303044 0.626679 0.287246
0.123302 0.715703 0.339236
0.288035 0.566980 0.170228
0.457920 0.233003 0.160695
0.343410 0.644806 0.357081
0.231100 0.352354 0.410294
0.070818 0.735106 0.350528
0.281193 0.325947 0.029740
0.574549 0.053107 0.368970
0.388079 0.975661 0.196932
0.080955 0.482500 0.143011
0.519370 0.891188 0.242278
0.245500 0.499261 0.437369
